5185	0.1407798	-0.09342919	0.1039176	-0.1029995	-0.0615443	-0.1245105	0.03049411	-0.5617679	-0.08785248	0.02650179	-0.2678888	0.004088163	-0.003666066	0.002035842	0.003705133	-0.0006523683	0.0004883802	0.0007141463	0.1586447	-0.09821528	-0.1867018	-0.01566947	-0.01547309	-0.005603011	-0.00351631	-0.003212991	-0.00104501	-0.08680692	-0.2701538	-0.09952557	-0.002461853	-0.003298582	0.0006009281	-0.0006523683	0.0004883802	0.0007141463	0.009810418	-0.2580444	-0.119978	-0.008496381	-0.001961875	-0.0004535051	-0.00351631	-0.003212991	-0.00104501
5188	0.1406851	-0.09289636	0.1037378	-0.1034419	-0.06123286	-0.1244128	0.02950105	-0.5613948	-0.08820486	0.02627744	-0.2710356	0.003919601	-0.002805637	0.0007401898	0.00273671	-0.000274169	4.237203E-05	0.0002935037	0.1578074	-0.1089094	-0.236088	-0.01196142	-0.01427835	-0.01654882	-0.001710221	-0.002111059	-0.00352021	-0.08753672	-0.2701936	-0.09915876	-0.00202884	-0.002483905	0.0005423978	-0.000274169	4.237203E-05	0.0002935037	0.01063961	-0.2577289	-0.1207744	-0.006164989	-0.001392542	-0.0005392382	-0.001710221	-0.002111059	-0.00352021
5191	0.1405703	-0.09247783	0.103528	-0.1036692	-0.06102163	-0.1240773	0.02891569	-0.5612029	-0.08848476	0.02455335	-0.2670753	0.006447077	-0.002535251	0.00154522	0.002684401	-0.0001380303	0.0002330366	0.0002070506	0.1118105	-0.1103271	-0.1968973	-0.02047028	-0.01106317	-0.002613925	-0.003409879	-0.0007794993	0.0008435668	-0.0879724	-0.2696275	-0.09864974	-0.00163055	-0.001721398	0.0005340543	-0.0001380303	0.0002330366	0.0002070506	0.0123226	-0.258876	-0.1222053	-0.004202992	-0.001331164	-0.0007621459	-0.003409879	-0.0007794993	0.0008435668
5194	0.1408078	-0.09272103	0.1035802	-0.1040929	-0.0606257	-0.1242898	0.02858754	-0.5609159	-0.08900023	0.02373897	-0.2670008	0.0060215	-0.002105033	0.001177534	0.001906906	4.031972E-06	8.285596E-05	-3.908567E-05	0.08632188	-0.1300791	-0.1643674	-0.02172487	-0.01323539	0.006172013	-0.002871059	-0.001127679	0.00282916	-0.0880872	-0.2687444	-0.09807575	-0.001251612	-0.00107028	0.0005440389	4.031972E-06	8.285596E-05	-3.908567E-05	0.01659423	-0.2584496	-0.1241919	-0.002084338	-0.0008917777	-0.001068265	-0.002871059	-0.001127679	0.00282916
5198	0.1405275	-0.09236996	0.103205	-0.1045921	-0.06013626	-0.1245031	0.0282218	-0.5604471	-0.08950758	0.02269385	-0.2638461	0.006761312	-0.001840055	0.001671824	0.001615133	6.926846E-05	0.0001857145	-0.0001022576	0.08260298	-0.1350173	-0.1621723	-0.01722338	-0.01116109	0.00517779	-0.001027921	-0.000327184	0.001873314	-0.08752719	-0.2664969	-0.09704399	-0.0007987052	-0.0002408244	0.0006659683	6.926846E-05	0.0001857145	-0.0001022576	0.0244998	-0.2588388	-0.1291268	0.0004131399	-0.0007661378	-0.002034926	-0.001027921	-0.000327184	0.001873314
5201	0.1406	-0.09308757	0.1033638	-0.1047742	-0.06014627	-0.1245821	0.02859699	-0.5601039	-0.0900569	0.0217039	-0.2612495	0.00566864	-0.001627529	0.001903015	0.0009381815	0.0001050827	0.0001970835	-0.000245931	0.07813815	-0.1358094	-0.1638148	-0.01403374	-0.008568849	0.003472726	2.6469E-05	0.0004026719	0.0009787196	-0.08670533	-0.2619781	-0.09560156	-0.0003935642	0.0009490909	0.0008600843	0.0001050827	0.0001970835	-0.000245931	0.034621	-0.2536855	-0.1337178	0.002840154	0.0007137287	-0.002673941	2.6469E-05	0.0004026719	0.0009787196
5204	0.1406723	-0.09423733	0.1028993	-0.1050743	-0.05972537	-0.1248713	0.03106043	-0.5591465	-0.09045792	0.02040701	-0.2588669	0.004197359	-0.001544867	0.002022913	0.0003358159	9.947747E-05	0.0001777871	-0.0003350397	0.1032826	-0.04250796	-0.2839611	-0.004239198	0.01689873	-0.02743202	0.002468488	0.006668898	-0.006992148	-0.0855372	-0.2590543	-0.09583497	-3.140216E-06	0.001442765	0.0005867103	9.947747E-05	0.0001777871	-0.0003350397	0.04414171	-0.2475925	-0.1381544	0.004510293	0.002058542	-0.003114609	0.002468488	0.006668898	-0.006992148
5208	0.1397621	-0.09449241	0.1024687	-0.1060581	-0.05893937	-0.125021	0.03443943	-0.5569556	-0.09030485	0.01922685	-0.2560433	0.0006182194	-0.00145369	0.002223075	-0.000642923	9.74024E-05	0.0001833809	-0.0004959645	0.1140357	-0.01371026	-0.2826773	-0.0004911209	0.01987347	-0.02025308	0.002788385	0.005745359	-0.003449374	-0.08420968	-0.2561848	-0.09773982	0.0003295235	0.001799438	-3.617859E-05	9.74024E-05	0.0001833809	-0.0004959645	0.05315745	-0.2372365	-0.1384417	0.005636654	0.004132916	-0.00240778	0.002788385	0.005745359	-0.003449374
5211	0.1389724	-0.09488226	0.1017687	-0.1066415	-0.05834442	-0.1248925	0.03697115	-0.5550675	-0.0903163	0.02979838	-0.2950759	-0.06205559	0.001552613	-0.008090824	-0.01615064	0.0008246276	-0.002440939	-0.004248904	0.1384259	0.1602402	-0.2180089	0.005729214	0.05839273	0.0009772964	0.003646373	0.01393883	0.002720563	-0.08368593	-0.2531275	-0.1000389	0.0003780791	0.002113911	-0.0006019016	0.0008246276	-0.002440939	-0.004248904	0.06006095	-0.2325128	-0.1377331	0.005953365	0.004280608	-0.00162869	0.003646373	0.01393883	0.002720563
5214	0.1383957	-0.09544133	0.1010542	-0.1065531	-0.0577682	-0.1241837	0.03874584	-0.5541547	-0.09016919	0.02097301	-0.2617279	-0.03339839	-0.001041883	0.002268881	-0.004948683	-3.01532E-05	0.0007592218	-0.0003861873	0.1255791	0.01826181	-0.1939359	0.001085208	0.008299939	0.006751223	0.001573778	-0.002069072	0.003483904	-0.08337674	-0.2468206	-0.1008117	0.0003608591	0.003162155	-0.0006446346	-3.01532E-05	0.0007592218	-0.0003861873	0.06850153	-0.2272064	-0.1348331	0.00657517	0.004537054	-0.0004965166	0.001573778	-0.002069072	0.003483904
5218	0.1379113	-0.09574971	0.09986115	-0.1069241	-0.05717364	-0.12392	0.0394666	-0.5537275	-0.08994818	0.02177538	-0.2615214	-0.03480291	-0.0005808185	0.001753271	-0.004062643	9.265111E-05	0.0004405139	-6.813055E-05	0.1378288	0.07378158	-0.204939	0.003876322	0.0201049	0.002312633	0.001878112	0.001399435	0.00150328	-0.08358432	-0.2440128	-0.1019034	0.0002187473	0.003073573	-0.0007564056	9.265111E-05	0.0004405139	-6.813055E-05	0.0829313	-0.2340609	-0.1400009	0.008538818	0.001689165	-0.001664348	0.001878112	0.001399435	0.00150328
5221	0.1377104	-0.09511705	0.09876084	-0.1071422	-0.05686176	-0.1241167	0.03892498	-0.55356	-0.09011722	0.02239062	-0.260448	-0.03444862	-0.0002818055	0.001583301	-0.00295841	0.0001442416	0.0002878929	0.0002249604	0.1480651	0.07903653	-0.2110908	0.005466322	0.01639241	0.0001965261	0.001806084	0.0001214549	0.0005984335	-0.08332284	-0.2425439	-0.1023858	0.0002294319	0.002672396	-0.0006878844	0.0001442416	0.0002878929	0.0002249604	0.08543579	-0.220331	-0.1318774	0.007030238	0.004699341	0.0007826183	0.001806084	0.0001214549	0.0005984335
5224	0.1377519	-0.09586827	0.09841156	-0.1071284	-0.05657205	-0.1242077	0.03831907	-0.5535675	-0.09027863	0.02217898	-0.2600432	-0.03414726	-0.0002642625	0.001288684	-0.002143467	0.0001125669	0.0001422655	0.000372456	0.1749715	0.03295517	-0.1955769	0.01082634	0.0007739672	0.004025869	0.002694567	-0.003813519	0.001406161	-0.08302212	-0.241757	-0.1032618	0.000247254	0.002201026	-0.0007349306	0.0001125669	0.0001422655	0.000372456	0.08768168	-0.2190066	-0.1302431	0.005834151	0.003855602	0.0009955536	0.002694567	-0.003813519	0.001406161
5228	0.137458	-0.09602182	0.09812045	-0.1071714	-0.05607712	-0.1242652	0.03762298	-0.5533686	-0.09041047	0.02453319	-0.2611087	-0.03404474	0.0003903561	0.0007001325	-0.00158197	0.0002480799	-4.043875E-05	0.0004197162	0.1738522	0.03314538	-0.1933217	0.007839932	0.0006280278	0.003583202	0.001274324	-0.002896624	0.0009439539	-0.08304656	-0.2405778	-0.1041032	0.000179331	0.001945563	-0.0007615427	0.0002480799	-4.043875E-05	0.0004197162	0.09030709	-0.2091204	-0.1259212	0.005031964	0.005363264	0.001827119	0.001274324	-0.002896624	0.0009439539
5231	0.1374169	-0.09635799	0.09818912	-0.107014	-0.05588418	-0.1241512	0.03720234	-0.5533937	-0.09036374	0.02557219	-0.2610207	-0.03348136	0.0005525167	0.0005471009	-0.001045632	0.0002266	-6.858695E-05	0.0004488718	0.1733533	0.03253923	-0.191277	0.005755215	0.0003194826	0.003198571	0.0004345636	-0.002249605	0.0006118076	-0.08303231	-0.2397157	-0.1048843	0.0001380596	0.001674714	-0.0007664218	0.0002266	-6.858695E-05	0.0004488718	0.09200244	-0.2066556	-0.1247934	0.004197811	0.004638649	0.001652299	0.0004345636	-0.002249605	0.0006118076
5234	0.137361	-0.09614018	0.09926152	-0.1066521	-0.05545244	-0.1238861	0.03687476	-0.5534323	-0.09029078	0.02600058	-0.261349	-0.03339934	0.0005214835	0.0003282501	-0.00076372	0.0001621917	-0.0001061529	0.0004071318	0.1720043	0.06203757	-0.1818647	0.003979164	0.007614198	0.004752	-0.00011809	0.0001364753	0.000847213	-0.0832485	-0.2398681	-0.1060828	4.949822E-05	0.001217933	-0.0008744489	0.0001621917	-0.0001061529	0.0004071318	0.09218745	-0.2061336	-0.1235975	0.003194611	0.003609472	0.001538201	-0.00011809	0.0001364753	0.000847213
5238	0.1368687	-0.09638543	0.09935665	-0.1066384	-0.05528998	-0.1241429	0.03631617	-0.5535653	-0.09047723	0.02694822	-0.2613169	-0.03313684	0.0006280248	0.0002542193	-0.0005071653	0.0001482791	-9.812239E-05	0.0003694875	0.16786	0.06686383	-0.1674623	0.001948307	0.006917214	0.007164598	-0.0005962819	-7.188943E-05	0.001238559	-0.08346668	-0.2396373	-0.1068239	-1.742204E-05	0.0009711285	-0.0008411177	0.0001482791	-9.812239E-05	0.0003694875	0.09343126	-0.2092453	-0.1247087	0.002706912	0.001929182	0.0008758632	-0.0005962819	-7.188943E-05	0.001238559
5241	0.1364317	-0.09615417	0.09965563	-0.1056192	-0.05500191	-0.1243057	0.03608674	-0.5534735	-0.09044242	0.0276623	-0.2608791	-0.03296709	0.0006495368	0.0003001209	-0.0003379355	0.0001165873	-6.211638E-05	0.0003194231	0.1621394	0.06942075	-0.1573803	3.108359E-05	0.005827141	0.00789395	-0.0009265172	-0.0003264354	0.001111257	-0.08399686	-0.2398665	-0.107769	-0.0001456124	0.00067107	-0.0008671111	0.0001165873	-6.211638E-05	0.0003194231	0.09202342	-0.2114235	-0.1250252	0.001678222	0.0009023531	0.0005777723	-0.0009265172	-0.0003264354	0.001111257
5244	0.1359419	-0.09691402	0.100631	-0.1050301	-0.05506119	-0.1244879	0.03612719	-0.5537758	-0.09047008	0.02781685	-0.2596158	-0.03346515	0.0005257904	0.0005409059	-0.0003779657	5.650389E-05	1.360896E-05	0.0002295598	0.1620466	0.07187107	-0.1549037	1.078588E-07	0.004982935	0.006539635	-0.0007026318	-0.000455878	0.0004948644	-0.0837694	-0.2399786	-0.1087722	-5.234272E-05	0.000475266	-0.0009011198	5.650389E-05	1.360896E-05	0.0002295598	0.08937515	-0.2136403	-0.1251774	0.0005966007	0.0001225422	0.0003952716	-0.0007026318	-0.000455878	0.0004948644
5248	0.1354047	-0.09752288	0.1018207	-0.1045748	-0.05523327	-0.1247725	0.03787182	-0.5537039	-0.09035897	0.02832955	-0.2588723	-0.03432608	0.0005225189	0.0005915565	-0.0004987066	4.156004E-05	2.286938E-05	0.0001419846	0.1630097	0.07790423	-0.1472218	0.0002408688	0.005245491	0.006825188	-0.0004667836	-0.0002762695	0.0004425365	-0.08325651	-0.2407958	-0.1099497	8.896373E-05	0.0001521471	-0.0009702272	4.156004E-05	2.286938E-05	0.0001419846	0.08636856	-0.2234599	-0.1269755	-0.0003041976	-0.002362978	-0.0001530845	-0.0004667836	-0.0002762695	0.0004425365
5251	0.1350165	-0.09809972	0.1022742	-0.1001234	-0.05505887	-0.1315334	0.03900651	-0.5538725	-0.09052134	0.02871451	-0.2576939	-0.03440666	0.0004881292	0.0007382634	-0.0003941763	2.257263E-05	5.382873E-05	0.000132621	0.1626958	0.07873127	-0.1452582	0.0001021709	0.004140877	0.005609795	-0.0003847622	-0.0004833555	2.805408E-05	-0.08553708	-0.2435152	-0.1056311	-0.000503418	-0.000565744	0.0003519783	2.257263E-05	5.382873E-05	0.000132621	0.07992685	-0.2285495	-0.1278049	-0.001838576	-0.003044632	-0.0003221481	-0.0003847622	-0.0004833555	2.805408E-05
5254	0.1344343	-0.09871508	0.1032243	-0.09864123	-0.05527928	-0.1340566	0.03967347	-0.5540367	-0.09074569	0.02946372	-0.257299	-0.03497362	0.0005533976	0.0006524252	-0.0004373721	3.324655E-05	1.8912E-05	8.866681E-05	0.1632517	0.08021253	-0.1429167	0.0002155964	0.003475974	0.004792723	-0.0002602153	-0.0005287424	-0.0001832274	-0.08570525	-0.2459224	-0.1051176	-0.0004196071	-0.00102611	0.0003923721	3.324655E-05	1.8912E-05	8.866681E-05	0.07328136	-0.2413863	-0.13109	-0.003040304	-0.005492674	-0.001062904	-0.0002602153	-0.0005287424	-0.0001832274
5258	0.1341874	-0.09881046	0.1033416	-0.09866367	-0.05532411	-0.1335621	0.03988349	-0.5541298	-0.0911808	0.03048144	-0.2577191	-0.03428221	0.0006694795	0.000384288	-0.0001551756	5.395539E-05	-5.285028E-05	0.0001370492	0.1630638	0.0792017	-0.1430368	0.0001147288	0.002354272	0.003564502	-0.0002203784	-0.0006769825	-0.0004444759	-0.08432038	-0.2482787	-0.1072364	3.1512E-05	-0.001358648	-0.0002354274	5.395539E-05	-5.285028E-05	0.0001370492	0.06612387	-0.2469226	-0.1334246	-0.0040696	-0.005503596	-0.001380826	-0.0002203784	-0.0006769825	-0.0004444759
5261	0.1338659	-0.09894592	0.1035519	-0.09886053	-0.05549982	-0.1330574	0.03973415	-0.5543141	-0.09167027	0.03124393	-0.2583483	-0.03240991	0.0006927314	0.0001309119	0.0003516936	4.627951E-05	-0.0001029817	0.0002295042	0.1688409	0.06196528	-0.1434472	0.001530316	-0.0025434	0.002570797	0.0001886129	-0.001732155	-0.0005817832	-0.08344629	-0.2507634	-0.1089752	0.0002421558	-0.001640152	-0.0006112672	4.627951E-05	-0.0001029817	0.0002295042	0.06152672	-0.250899	-0.1333468	-0.00420149	-0.005121776	-0.001016159	0.0001886129	-0.001732155	-0.0005817832
5264	0.1361504	-0.1007616	0.1057599	-0.09519809	-0.05746245	-0.1337137	0.04219658	-0.5564103	-0.09096074	0.03207615	-0.2590555	-0.03199625	0.0007276032	-7.860344E-05	0.0003671842	4.34276E-05	-0.0001296151	0.0001760008	0.1714129	0.04482847	-0.1487441	0.001790748	-0.006191752	0.0006038612	0.0002065678	-0.002211204	-0.0009280713	-0.08381329	-0.2528574	-0.1075004	8.986668E-05	-0.001753614	-8.976585E-05	4.34276E-05	-0.0001296151	0.0001760008	0.05698246	-0.2520651	-0.1327552	-0.004287181	-0.004132873	-0.0006142102	0.0002065678	-0.002211204	-0.0009280713
5268	0.135614	-0.1008175	0.1057298	-0.09576869	-0.05765089	-0.1332304	0.04161661	-0.5563586	-0.09153318	0.03177267	-0.2594497	-0.03038692	0.0004698341	-0.0001575014	0.0006777195	-3.187159E-05	-0.0001169358	0.0002096345	0.1817224	0.03212873	-0.1655695	0.003920421	-0.007818751	-0.003753464	0.0006873442	-0.002065153	-0.001785385	-0.08312924	-0.2542429	-0.10838	0.0002384132	-0.001661603	-0.0002872059	-3.187159E-05	-0.0001169358	0.0002096345	0.05288434	-0.2577515	-0.1338067	-0.004239915	-0.004521255	-0.0007235439	0.0006873442	-0.002065153	-0.001785385
5271	0.1353795	-0.1007419	0.1059568	-0.09608322	-0.05782023	-0.1327002	0.04136429	-0.5567999	-0.09217715	0.03107499	-0.2581841	-0.02687287	0.0001779556	0.0001982778	0.001386803	-9.687331E-05	1.242915E-06	0.0003344966	0.1858461	0.02135265	-0.1758072	0.003971257	-0.008558083	-0.005374521	0.0005282169	-0.001733698	-0.001744303	-0.08270447	-0.2547209	-0.1088123	0.000285003	-0.001365695	-0.0003234975	-9.687331E-05	1.242915E-06	0.0003344966	0.05012953	-0.2619503	-0.1348709	-0.003868639	-0.004440624	-0.0008087032	0.0005282169	-0.001733698	-0.001744303
5274	0.1350198	-0.1008452	0.1055689	-0.0963838	-0.05787697	-0.1323817	0.04108378	-0.5568181	-0.09267545	0.03135711	-0.2585853	-0.02652454	0.0002039958	4.83937E-05	0.001127184	-6.614494E-05	-3.653883E-05	0.0001859679	0.1871857	0.01225099	-0.1822398	0.003313343	-0.008693977	-0.005639024	0.0002316842	-0.001334247	-0.001374353	-0.08263943	-0.2552481	-0.1095037	0.0002300132	-0.001156072	-0.0004154766	-6.614494E-05	-3.653883E-05	0.0001859679	0.04877508	-0.2644669	-0.1351807	-0.003240093	-0.003959625	-0.0006839837	0.0002316842	-0.001334247	-0.001374353
5278	0.1347924	-0.1009391	0.1055946	-0.09656118	-0.05804491	-0.1322305	0.04085104	-0.557387	-0.09349513	0.03165314	-0.2592202	-0.02586317	0.0002270034	-0.000122417	0.001010731	-4.385678E-05	-7.010679E-05	0.0001103627	0.1820601	-0.001464983	-0.1863506	0.001203585	-0.009949476	-0.005256971	-0.0003536762	-0.00131456	-0.0009352516	-0.08250202	-0.2556517	-0.1096188	0.0002068608	-0.0009679421	-0.0003403667	-4.385678E-05	-7.010679E-05	0.0001103627	0.04735959	-0.2629857	-0.1349908	-0.002783943	-0.002599417	-0.0004655126	-0.0003536762	-0.00131456	-0.0009352516
5281	0.1346756	-0.1011016	0.1055951	-0.09673019	-0.05819026	-0.1320128	0.0408078	-0.5573918	-0.09363747	0.03135566	-0.2592458	-0.02538991	9.588274E-05	-9.82128E-05	0.0008763638	-6.567276E-05	-4.652904E-05	4.918013E-05	0.1951851	-0.0005430877	-0.1977675	0.004183943	-0.007231633	-0.006796957	0.0004798323	-0.000306459	-0.001086435	-0.08239953	-0.2558503	-0.1098953	0.0001807681	-0.0007756221	-0.0003244164	-6.567276E-05	-4.652904E-05	4.918013E-05	0.04736951	-0.2630851	-0.1351128	-0.002085476	-0.001974418	-0.0003796222	0.0004798323	-0.000306459	-0.001086435
5284	0.1346473	-0.1016255	0.1056123	-0.09679303	-0.05847424	-0.1316822	0.04100205	-0.5575536	-0.09389043	0.03155679	-0.2590671	-0.02541184	0.000122196	-2.897847E-05	0.0006517892	-4.267625E-05	-1.75882E-05	-1.925855E-05	0.1924494	-0.002219135	-0.195857	0.002454043	-0.005842736	-0.004620105	-7.26009E-05	0.0001173798	-0.0002706135	-0.08216439	-0.256233	-0.1103836	0.0001943612	-0.0006773894	-0.0003653826	-4.267625E-05	-1.75882E-05	-1.925855E-05	0.0480935	-0.2642644	-0.1359092	-0.00138311	-0.001775641	-0.000483826	-7.26009E-05	0.0001173798	-0.0002706135
5288	0.1343845	-0.1022117	0.1052017	-0.09677678	-0.05874828	-0.1315682	0.04159047	-0.5581369	-0.09473372	0.03307495	-0.2593127	-0.02530026	0.0004711871	-8.315644E-05	0.0005167369	5.524057E-05	-2.673564E-05	-4.8207E-05	0.1909565	-0.00121423	-0.1950116	0.001467306	-0.004130826	-0.003253721	-0.0003011347	0.0005160124	0.0001386359	-0.08196965	-0.256311	-0.11076	0.0001944567	-0.0005275402	-0.0003681229	5.524057E-05	-2.673564E-05	-4.8207E-05	0.04866102	-0.2634329	-0.1361797	-0.0008954509	-0.001123844	-0.000430491	-0.0003011347	0.0005160124	0.0001386359
5291	0.1329599	-0.1014905	0.104511	-0.09680541	-0.05916092	-0.1313863	0.04272915	-0.5580919	-0.09476995	0.03514318	-0.2601181	-0.0241518	0.0008704475	-0.0002637118	0.0006746682	0.0001412455	-6.519057E-05	3.327586E-06	0.1903793	0.01100899	-0.192878	0.000956177	-4.231487E-05	-0.001906889	-0.0003536334	0.001409137	0.000440685	-0.08152632	-0.2564949	-0.1113791	0.0002566736	-0.0004416327	-0.0004308854	0.0001412455	-6.519057E-05	3.327586E-06	0.05109885	-0.2637162	-0.1378691	-6.213074E-05	-0.0009137234	-0.0007452267	-0.0003536334	0.001409137	0.000440685
5294	0.1358024	-0.1032056	0.1054678	-0.09448433	-0.06070992	-0.1302826	0.04637242	-0.5592672	-0.09395146	0.03686071	-0.2594792	-0.02437234	0.001082217	-3.805087E-05	0.0004508669	0.0001588766	7.522307E-06	-5.345465E-05	0.1989142	0.03149836	-0.1902735	0.002850845	0.005090606	-0.0007790456	0.000208442	0.002340083	0.0006124746	-0.08073691	-0.2565589	-0.1122586	0.0003898599	-0.0003472135	-0.0005430158	0.0001588766	7.522307E-06	-5.345465E-05	0.05414054	-0.2628344	-0.1398282	0.0007138231	-0.0004648374	-0.001048691	0.000208442	0.002340083	0.0006124746
5298	0.1357514	-0.1035409	0.1051986	-0.09446113	-0.06082216	-0.1302989	0.04812545	-0.5588353	-0.09389091	0.03995276	-0.2576058	-0.02434754	0.001584677	0.0004398202	0.000344349	0.0002447723	0.0001251095	-6.672044E-05	0.2143303	0.06497002	-0.188386	0.005992166	0.01218587	-0.0001123942	0.0009416618	0.003528878	0.0006260189	-0.07981458	-0.2561455	-0.1132416	0.0005229755	-0.000157078	-0.0006530118	0.0002447723	0.0001251095	-6.672044E-05	0.05762362	-0.2608934	-0.1422498	0.001406139	0.0001366134	-0.001391923	0.0009416618	0.003528878	0.0006260189
5301	0.1356089	-0.1053669	0.1045034	-0.0946169	-0.06089565	-0.1303654	0.0509585	-0.5586724	-0.09340119	0.04289635	-0.2538878	-0.02489567	0.001924404	0.001259347	0.0001212307	0.0002685111	0.0002987139	-0.0001058199	0.2194015	0.08103988	-0.1831698	0.005761934	0.01315687	0.001219735	0.0006486883	0.002889408	0.0008025464	-0.07820244	-0.2558946	-0.1148206	0.0007952671	-5.508206E-05	-0.0008845204	0.0002685111	0.0002987139	-0.0001058199	0.06413907	-0.25866	-0.1419051	0.002683465	0.0006608065	-0.0009577539	0.0006486883	0.002889408	0.0008025464
5304	0.1360832	-0.1058691	0.1035051	-0.0944314	-0.06134248	-0.1312349	0.05384994	-0.5583855	-0.09338522	0.04631653	-0.2494346	-0.02587748	0.00229835	0.002057806	-0.0001545289	0.0002948696	0.0004236501	-0.0001483048	0.2265013	0.1013074	-0.1735318	0.006096384	0.01493453	0.003324319	0.0005701286	0.002611472	0.001128056	-0.07642348	-0.2553659	-0.1166013	0.00104119	9.086175E-05	-0.001108577	0.0002948696	0.0004236501	-0.0001483048	0.06779069	-0.2535589	-0.1414211	0.002925504	0.001770891	-0.0005973179	0.0005701286	0.002611472	0.001128056
5308	0.1366865	-0.1063416	0.1021082	-0.09392639	-0.06180528	-0.1322186	0.05664184	-0.5581272	-0.09365058	0.05071954	-0.2433195	-0.02575922	0.002824513	0.003072132	-8.633278E-05	0.0003526931	0.000571319	-9.41796E-05	0.227567	0.1051966	-0.1695757	0.004838724	0.01217319	0.003482259	0.0001131816	0.00126827	0.0008855269	-0.07443565	-0.2553907	-0.1184132	0.00127785	6.196233E-05	-0.001284399	0.0003526931	0.000571319	-9.41796E-05	0.07126299	-0.248269	-0.1383322	0.003062202	0.002650635	0.0003242195	0.0001131816	0.00126827	0.0008855269
5311	0.1371356	-0.106366	0.1016428	-0.09363586	-0.06187201	-0.1325781	0.05866223	-0.5577645	-0.09345865	0.05504079	-0.2402008	-0.02515388	0.003198698	0.00308378	8.658661E-05	0.0003580661	0.0004314013	-2.740485E-05	0.2271501	0.1109947	-0.1662238	0.003524806	0.01057944	0.003449676	-0.0002435934	0.0005527629	0.0006559995	-0.07293278	-0.254457	-0.1198759	0.001334106	0.0002798984	-0.001328973	0.0003580661	0.0004314013	-2.740485E-05	0.07496308	-0.2442425	-0.1360645	0.003221675	0.002994613	0.0008100942	-0.0002435934	0.0005527629	0.0006559995
5314	0.1376349	-0.1062816	0.1014869	-0.09314537	-0.06216344	-0.1330714	0.06006795	-0.5575821	-0.09341884	0.06172888	-0.236115	-0.02182031	0.004071046	0.003334283	0.0008983321	0.0004866365	0.0003861768	0.0001823827	0.2237627	0.12003	-0.1643944	0.001796756	0.01019338	0.003044603	-0.0006147074	0.0003180587	0.0003907314	-0.07119595	-0.2535364	-0.1209784	0.001434788	0.0004400574	-0.001272342	0.0004866365	0.0003861768	0.0001823827	0.07911766	-0.2410356	-0.1337371	0.003454901	0.003047694	0.001189431	-0.0006147074	0.0003180587	0.0003907314
5318	0.1386985	-0.1059435	0.1013913	-0.09226692	-0.06275263	-0.133719	0.06157914	-0.5578792	-0.09371233	0.0710497	-0.2241212	-0.01927972	0.005383489	0.005499169	0.001308896	0.0006930881	0.0008308539	0.000239428	0.2220347	0.130965	-0.1577582	0.0009155789	0.0103788	0.003942488	-0.000681325	0.0002848995	0.0005175198	-0.06875634	-0.2524402	-0.1225793	0.001685992	0.0006040977	-0.001354502	0.0006930881	0.0008308539	0.000239428	0.08272751	-0.236904	-0.1311809	0.003493638	0.003318671	0.001531125	-0.000681325	0.0002848995	0.0005175198
5321	0.1407373	-0.1070176	0.1030252	-0.0909638	-0.0638428	-0.1331592	0.06391224	-0.5587308	-0.09239244	0.07938663	-0.2162822	-0.01776171	0.00612185	0.006084121	0.001361175	0.0007044063	0.0007693786	0.0001926407	0.2205808	0.1424223	-0.1489654	0.0003232001	0.01064842	0.005155086	-0.0006590885	0.0002810784	0.0006912892	-0.06619181	-0.2526606	-0.1245377	0.001905627	0.0003979837	-0.001505469	0.0007044063	0.0007693786	0.0001926407	0.0846955	-0.2334421	-0.1276332	0.003112228	0.003354459	0.002035261	-0.0006590885	0.0002810784	0.0006912892
5324	0.1414325	-0.1063732	0.1022959	-0.08985765	-0.06381634	-0.1344104	0.06538276	-0.5587719	-0.09325933	0.1050071	-0.1979004	-0.01938677	0.0109965	0.009158557	0.0006146159	0.001746967	0.001345643	-4.21592E-05	0.2147665	0.1576366	-0.1411676	-0.00121116	0.01178988	0.005815743	-0.0008779063	0.0004961732	0.0006836314	-0.06449343	-0.252443	-0.1259167	0.001853814	0.000352877	-0.001473855	0.001746967	0.001345643	-4.21592E-05	0.08661246	-0.2303447	-0.1250546	0.002813411	0.003290202	0.0021711	-0.0008779063	0.0004961732	0.0006836314
5328	0.1424069	-0.1061825	0.1020086	-0.08882931	-0.06451809	-0.1359894	0.06686654	-0.5592897	-0.0944078	0.1329473	-0.1784079	-0.02549052	0.01523242	0.01174203	-0.001064977	0.002369205	0.0016551	-0.0004515175	0.2030829	0.1842524	-0.1235366	-0.003829273	0.01549638	0.008769571	-0.001312958	0.001298756	0.00125118	-0.06305014	-0.2515943	-0.1269306	0.001751185	0.0004768429	-0.00135886	0.002369205	0.0016551	-0.0004515175	0.08868939	-0.2295309	-0.1236218	0.002629289	0.002671104	0.001986519	-0.001312958	0.001298756	0.00125118
5331	0.1439411	-0.106273	0.1020746	-0.08744745	-0.06494471	-0.1370575	0.06840888	-0.5598988	-0.09531569	0.1463816	-0.1665738	-0.02733016	0.01478289	0.01176505	-0.001258642	0.001664523	0.00124708	-0.0003870545	0.1942772	0.2021245	-0.1069856	-0.005073374	0.01609031	0.01071493	-0.001295744	0.001122549	0.001424726	-0.06180152	-0.251151	-0.1282393	0.001625542	0.0004684446	-0.001346315	0.001664523	0.00124708	-0.0003870545	0.08979864	-0.2287298	-0.1225368	0.002249281	0.002203589	0.00176115	-0.001295744	0.001122549	0.001424726
5334	0.1450277	-0.1060967	0.1022735	-0.08638866	-0.06530845	-0.1378677	0.06954505	-0.5604116	-0.09612012	0.1579907	-0.1553295	-0.02953577	0.01398945	0.01163486	-0.001495384	0.001050031	0.0009027628	-0.0003494764	0.1729071	0.2310561	-0.07779884	-0.009147558	0.01930061	0.01533288	-0.001990354	0.001644488	0.002223031	-0.06002332	-0.2501546	-0.1298653	0.001663706	0.0006004362	-0.00141624	0.001050031	0.0009027628	-0.0003494764	0.08986102	-0.2288617	-0.1215206	0.001702555	0.001619734	0.001574897	-0.001990354	0.001644488	0.002223031
5338	0.1464395	-0.1064285	0.1019175	-0.084905	-0.0659672	-0.1388419	0.07099827	-0.5611066	-0.09705472	0.1802501	-0.1283014	-0.0312078	0.01605695	0.01548316	-0.001539545	0.001304397	0.001639148	-0.0002731476	0.1569612	0.2444771	-0.06776166	-0.01084715	0.01783071	0.01400896	-0.001917663	0.0008658904	0.001336292	-0.05878717	-0.2491287	-0.131152	0.001556819	0.0007068059	-0.001383866	0.001304397	0.001639148	-0.0002731476	0.08992834	-0.2299098	-0.1208043	0.001293747	0.0009527672	0.001360255	-0.001917663	0.0008658904	0.001336292
5341	0.1476609	-0.1059833	0.1019957	-0.08395997	-0.0662441	-0.1394444	0.07191295	-0.5614204	-0.09765434	0.1912737	-0.1106299	-0.03339577	0.01479862	0.01603025	-0.001701651	0.0006637153	0.001366132	-0.0002453871	0.1308557	0.2637374	-0.03964925	-0.01466173	0.01818813	0.01753482	-0.002391892	0.0007387717	0.001883685	-0.05754264	-0.2483106	-0.1331263	0.001478747	0.0007346192	-0.001531456	0.0006637153	0.001366132	-0.0002453871	0.08963053	-0.2303264	-0.1195632	0.0008958566	0.0006104312	0.001330463	-0.002391892	0.0007387717	0.001883685
5344	0.1484145	-0.1046375	0.1014988	-0.08303359	-0.06669921	-0.1403167	0.07301807	-0.5614136	-0.09828448	0.2020157	-0.08893575	-0.03431416	0.01378444	0.01744623	-0.001505835	0.000244242	0.001378595	-0.0001350864	0.1075128	0.2750669	-0.02372646	-0.01683203	0.01647346	0.01713181	-0.002336495	0.0001254129	0.001312012	-0.05635226	-0.2482087	-0.1347082	0.001406655	0.0005764454	-0.001544069	0.000244242	0.001378595	-0.0001350864	0.08885087	-0.2297204	-0.1189171	0.0004769778	0.0006093198	0.001159376	-0.002336495	0.0001254129	0.001312012
5348	0.1494859	-0.1040444	0.1011517	-0.08238235	-0.06694031	-0.1406546	0.07383571	-0.5613172	-0.09865952	0.2055514	-0.08018205	-0.03453708	0.01122226	0.0152731	-0.001185107	-0.0004573617	0.0004906632	-2.113271E-05	0.08576682	0.2805857	-0.01132631	-0.01806052	0.0137348	0.0159489	-0.002059493	-0.0005906054	0.0006882797	-0.0549681	-0.2480126	-0.1367366	0.00140103	0.00048137	-0.001665168	-0.0004573617	0.0004906632	-2.113271E-05	0.0878453	-0.2295814	-0.1182038	0.0001063396	0.0004917468	0.001047869	-0.002059493	-0.0005906054	0.0006882797
5351	0.1509785	-0.1028059	0.1008477	-0.08182736	-0.0672673	-0.1409609	0.07465791	-0.5613271	-0.09901333	0.2133542	-0.05571428	-0.0334661	0.01036741	0.01757177	-0.000621086	-0.0005567351	0.0009426642	0.0001251557	0.04866727	0.2780404	0.01262951	-0.02282028	0.00966477	0.01795063	-0.002734559	-0.001460462	0.001016643	-0.05333342	-0.2479947	-0.1381658	0.001459444	0.0003655053	-0.001606176	-0.0005567351	0.0009426642	0.0001251557	0.08728898	-0.2310988	-0.1197939	-5.932531E-05	-1.055482E-05	0.0003883687	-0.002734559	-0.001460462	0.001016643
5354	0.154243	-0.1004243	0.1002696	-0.08089423	-0.0676707	-0.1415384	0.07601063	-0.5615072	-0.09978437	0.2140357	-0.05308524	-0.03279495	0.007945918	0.01383608	-0.0002980275	-0.001022924	-0.0002269221	0.0001746314	0.02720863	0.2863974	0.02287817	-0.02247987	0.009337825	0.01602514	-0.001965817	-0.001177083	0.0002811095	-0.05201533	-0.2473478	-0.138556	0.001424104	0.0004358438	-0.001302175	-0.001022924	-0.0002269221	0.0001746314	0.08599514	-0.2313508	-0.1199985	-0.0003679535	-7.090333E-05	0.0002401358	-0.001965817	-0.001177083	0.0002811095
5358	0.1551158	-0.1003685	0.1000092	-0.08047315	-0.06771374	-0.1415105	0.07818788	-0.5611879	-0.1009867	0.2193582	-0.02069385	-0.03135586	0.007290061	0.01847491	0.000136253	-0.0009311574	0.0009895149	0.0002395437	0.007984161	0.2577999	0.02844691	-0.02166602	-0.0001459997	0.01341104	-0.0012709	-0.003253768	-0.0004426925	-0.05050351	-0.2458254	-0.1389272	0.001446035	0.0007074809	-0.001069436	-0.0009311574	0.0009895149	0.0002395437	0.08444853	-0.2328618	-0.1209408	-0.0006626167	-0.0004309294	-5.548554E-05	-0.0012709	-0.003253768	-0.0004426925
5361	0.1562919	-0.1000871	0.09962416	-0.08020195	-0.06767908	-0.1414216	0.07919538	-0.5602322	-0.1016443	0.219956	-0.01281177	-0.03018546	0.005616989	0.01582671	0.000394789	-0.001116636	8.008501E-05	0.0002442917	-0.01111346	0.2489319	0.03331661	-0.02102392	-0.002326509	0.0112757	-0.0007926504	-0.002985454	-0.000865853	-0.04932272	-0.2457779	-0.1394731	0.001379722	0.0005424869	-0.0009385415	-0.001116636	8.008501E-05	0.0002442917	0.0834929	-0.2327449	-0.1212609	-0.0007358692	-0.0002939759	-0.0001216334	-0.0007926504	-0.002985454	-0.000865853
5364	0.157734	-0.09949657	0.09887815	-0.07985841	-0.0678907	-0.1420844	0.08102084	-0.5587738	-0.1029217	0.2202379	-0.002768472	-0.02990508	0.004283217	0.01438085	0.0003661868	-0.00117092	-0.0003013995	0.0001760682	-0.05959839	0.2814656	0.05422139	-0.02788917	0.006388544	0.01368297	-0.002310801	-6.032689E-05	-4.757266E-05	-0.0480371	-0.2453488	-0.1392052	0.001356198	0.0005141386	-0.0006369404	-0.00117092	-0.0003013995	0.0001760682	0.0834377	-0.2341129	-0.1230731	-0.0005657041	-0.0005624822	-0.0005442799	-0.002310801	-6.032689E-05	-4.757266E-05
5368	0.1587498	-0.08335921	0.09479117	-0.07673697	-0.06790757	-0.1454377	0.08356772	-0.5561321	-0.1042662	0.2200643	-0.01525638	-0.02484679	0.00316902	0.007663663	0.001539212	-0.001156739	-0.001905347	0.0004253075	-0.05828117	0.2669536	0.05022097	-0.02058757	0.001163422	0.009262123	9.229861E-05	-0.001351526	-0.001140892	-0.04896879	-0.2455665	-0.1359793	0.0007842247	0.0003311924	0.0003287754	-0.001156739	-0.001905347	0.0004253075	0.08314011	-0.2340924	-0.1232616	-0.0004986759	-0.0004167431	-0.0004553274	9.229861E-05	-0.001351526	-0.001140892
5371	0.1600806	-0.08372962	0.09494424	-0.07755154	-0.06850934	-0.1447957	0.08742417	-0.5523964	-0.1062105	0.2204157	-0.007395148	-0.02398109	0.002464611	0.007713054	0.001370834	-0.001043657	-0.001416662	0.000276886	-0.06425561	0.2530982	0.04960299	-0.01693429	-0.002591283	0.006792097	0.0009825445	-0.001952321	-0.001473175	-0.04725111	-0.2446963	-0.1360935	0.00101759	0.0004659363	0.0002180309	-0.001043657	-0.001416662	0.000276886	0.08273868	-0.2330993	-0.1237725	-0.0004743625	-6.427043E-05	-0.0004692283	0.0009825445	-0.001952321	-0.001473175
5374	0.1608682	-0.08095503	0.09762692	-0.07659499	-0.06910729	-0.1444082	0.08694302	-0.5526446	-0.1051691	0.2204771	-0.004862458	-0.02307343	0.001863825	0.006417964	0.00125504	-0.0009329389	-0.001386269	0.0001787161	-0.07407075	0.2318691	0.0475986	-0.0151545	-0.007250749	0.004592977	0.001181855	-0.002629107	-0.001654662	-0.04842483	-0.2406858	-0.1313227	0.0004697627	0.001352066	0.001356212	-0.0009329389	-0.001386269	0.0001787161	0.08313873	-0.2371503	-0.1268477	-0.000255759	-0.00106096	-0.001120732	0.001181855	-0.002629107	-0.001654662
5378	0.1613453	-0.07869989	0.09948659	-0.0763627	-0.06961209	-0.1440887	0.08828162	-0.5523053	-0.1045992	0.2204642	0.002579361	-0.02157283	0.001394632	0.006673927	0.001316432	-0.0008170026	-0.0009757112	0.000149385	-0.08382806	0.2204947	0.04661727	-0.01380521	-0.008281657	0.0031994	0.001223716	-0.002229557	-0.00158939	-0.04933384	-0.2393982	-0.1288588	0.0001250682	0.001335952	0.001633143	-0.0008170026	-0.0009757112	0.000149385	0.08402738	-0.2389115	-0.12832	3.034217E-05	-0.001236012	-0.001208607	0.001223716	-0.002229557	-0.00158939
5381	0.1650199	-0.07681358	0.0987246	-0.07341155	-0.07008535	-0.1461406	0.09486732	-0.5486194	-0.1065695	0.2194582	0.01907781	-0.0143373	0.0007944721	0.009130057	0.002796205	-0.0007627918	-0.000117751	0.0004819822	-0.08922207	0.1973009	0.03834105	-0.01170241	-0.01200969	0.0003304938	0.001443486	-0.002604176	-0.001909269	-0.05057479	-0.2381725	-0.1270167	-0.0002164373	0.001308384	0.001685393	-0.0007627918	-0.000117751	0.0004819822	0.08591314	-0.2414122	-0.1297967	0.0004941958	-0.001552195	-0.001275647	0.001443486	-0.002604176	-0.001909269
5384	0.1677119	-0.0756695	0.09773755	-0.07086408	-0.07039949	-0.1479889	0.09997301	-0.5441689	-0.108923	0.2190734	0.02231559	-0.01260471	0.0004996521	0.007656989	0.002530301	-0.0006457989	-0.0004565803	0.0002950105	-0.1173024	0.1894687	0.0425601	-0.01579688	-0.01096533	0.001302634	5.899533E-05	-0.001692042	-0.001188917	-0.05197579	-0.2369487	-0.1247687	-0.0005125761	0.001287242	0.001826027	-0.0006457989	-0.0004565803	0.0002950105	0.08832373	-0.244317	-0.1317345	0.0009732945	-0.001890347	-0.001441172	5.899533E-05	-0.001692042	-0.001188917
5388	0.1715414	-0.06895494	0.09678221	-0.06856039	-0.07015759	-0.1493109	0.1017778	-0.5424861	-0.1106379	0.2189558	0.02231264	-0.009845972	0.0003453503	0.005742004	0.002587411	-0.0005229246	-0.0008211813	0.0002355354	-0.1433437	0.1857432	0.04191947	-0.01835798	-0.00915538	0.0008168179	-0.0005960271	-0.0008165441	-0.001013142	-0.05589928	-0.2282269	-0.1180969	-0.001365305	0.003145889	0.003037467	-0.0005229246	-0.0008211813	0.0002355354	0.09203532	-0.2528648	-0.1380185	0.00165787	-0.003554706	-0.002651879	-0.0005960271	-0.0008165441	-0.001013142
5391	0.1715893	-0.06642964	0.09953332	-0.0695738	-0.0704028	-0.147326	0.1033576	-0.5389322	-0.1099463	0.2183419	0.02608842	-0.006865501	0.0001055345	0.005250447	0.002685676	-0.0004521474	-0.0007387753	0.0002012177	-0.149141	0.174253	0.03922462	-0.01521781	-0.009739077	-6.10979E-05	0.0003380222	-0.0007583323	-0.0009793353	-0.05638991	-0.2283405	-0.1172533	-0.001146637	0.002331011	0.002489011	-0.0004521474	-0.0007387753	0.0002012177	0.09260969	-0.2525735	-0.1379201	0.001386994	-0.002593215	-0.001964322	0.0003380222	-0.0007583323	-0.0009793353
5394	0.1730448	-0.06715667	0.0930202	-0.06799443	-0.0700075	-0.1534002	0.1046338	-0.5382447	-0.1181509	0.2084638	0.06373703	0.009250641	-0.002390381	0.01334999	0.006043293	-0.0009630895	0.001470804	0.0009903174	-0.1569486	0.14672	0.02867937	-0.01336527	-0.01418755	-0.002682137	0.0007166523	-0.001680867	-0.001389761	-0.05703047	-0.2298719	-0.1170783	-0.001020117	0.001365422	0.001910508	-0.0009630895	0.001470804	0.0009903174	0.0937319	-0.2514217	-0.1374921	0.001320797	-0.001656946	-0.001366221	0.0007166523	-0.001680867	-0.001389761
5398	0.174455	-0.06797937	0.08279157	-0.06683601	-0.0703204	-0.1639179	0.1078316	-0.5373105	-0.130991	0.2049318	0.072698	0.01244569	-0.002675788	0.01225273	0.005331231	-0.0007936688	0.0008287891	0.0005647228	-0.1977875	0.1237025	0.02742386	-0.02023367	-0.01639505	-0.002325481	-0.001179612	-0.001812526	-0.0009531569	-0.05734962	-0.231305	-0.1164862	-0.000844876	0.0006657902	0.001580909	-0.0007936688	0.0008287891	0.0005647228	0.09417357	-0.2498143	-0.1367067	0.001101015	-0.0008408515	-0.0008283283	-0.001179612	-0.001812526	-0.0009531569
5401	0.1743692	-0.06843761	0.07838106	-0.06763524	-0.07042524	-0.1688718	0.1077577	-0.5366955	-0.1381118	0.2019719	0.07961953	0.01421499	-0.002746803	0.01091993	0.00444075	-0.0006130052	0.0002883916	0.0002009216	-0.1676007	0.1351236	0.02680087	-0.007628549	-0.009441002	-0.001899858	0.002266572	0.0003791177	-0.0006084618	-0.0568615	-0.2318314	-0.1160585	-0.0005116277	0.0003677281	0.001292613	-0.0006130052	0.0002883916	0.0002009216	0.09450549	-0.2496322	-0.1365999	0.0009087424	-0.0005851267	-0.0005945434	0.002266572	0.0003791177	-0.0006084618
5404	0.1736785	-0.06695542	0.07367301	-0.06864284	-0.06926778	-0.1740282	0.1068767	-0.5335397	-0.1460264	0.1991819	0.08540741	0.0161624	-0.002757603	0.009636919	0.003817413	-0.000462454	-0.0001044596	-5.142923E-06	-0.1926662	0.09936321	0.02062774	-0.01198779	-0.01602085	-0.002968177	0.0006101185	-0.001360624	-0.0007234261	-0.0565519	-0.2315991	-0.115496	-0.0003063204	0.0003338846	0.001110067	-0.000462454	-0.0001044596	-5.142923E-06	0.09494933	-0.2500656	-0.1368207	0.0007925183	-0.0005471988	-0.0005011014	0.0006101185	-0.001360624	-0.0007234261
5408	0.1716584	-0.06593621	0.06078005	-0.07114434	-0.06877151	-0.1876723	0.1049156	-0.5317408	-0.1611857	0.1972667	0.08919743	0.01724935	-0.00254701	0.008175194	0.003134797	-0.0002941923	-0.0004437759	-0.0001745111	-0.1960073	0.09360656	0.01804805	-0.00982613	-0.0134548	-0.002871055	0.0009980036	-0.0003789554	-0.000518289	-0.05567104	-0.2316139	-0.115057	-9.523515E-06	0.0002467105	0.0009423121	-0.0002941923	-0.0004437759	-0.0001745111	0.09512539	-0.2501406	-0.1369207	0.000638403	-0.0004291522	-0.0004008302	0.0009980036	-0.0003789554	-0.000518289
5411	0.1718372	-0.06547028	0.06035757	-0.07564659	-0.07052225	-0.1863644	0.1069172	-0.5304255	-0.1635342	0.1955861	0.09249046	0.01785684	-0.002330414	0.006954655	0.002502971	-0.0001664953	-0.0006379667	-0.00028884	-0.198565	0.08806512	0.01834583	-0.00800901	-0.01147646	-0.002078845	0.001202783	0.0002103684	-0.0001906643	-0.05230153	-0.223502	-0.113142	0.0008352349	0.002213018	0.001185479	-0.0001664953	-0.0006379667	-0.00028884	0.09512769	-0.2518454	-0.1388119	0.0004793759	-0.0007480448	-0.0007734365	0.001202783	0.0002103684	-0.0001906643
5414	0.1738912	-0.06490824	0.06157279	-0.0756322	-0.07078156	-0.1845005	0.1098687	-0.5277685	-0.1665592	0.1910383	0.1002654	0.02069378	-0.002884743	0.007159736	0.002586464	-0.0002634537	-0.0004272048	-0.0001957567	-0.1957935	0.09379354	0.018363	-0.005313891	-0.007175241	-0.001554842	0.001575867	0.001233082	-1.199753E-05	-0.05001181	-0.2217997	-0.1136327	0.001198854	0.002085318	0.0007664426	-0.0002634537	-0.0004272048	-0.0001957567	0.09573933	-0.2514608	-0.1391177	0.0005124439	-0.0004648913	-0.0006565204	0.001575867	0.001233082	-1.199753E-05
5418	0.1784409	-0.06464216	0.0682807	-0.07060555	-0.07062796	-0.1759014	0.115429	-0.5274404	-0.1595776	0.1880974	0.104715	0.02293825	-0.002898796	0.006482181	0.002500966	-0.0002011033	-0.0004897923	-0.000168192	-0.1904019	0.1034734	0.02000332	-0.002637507	-0.00296146	-0.0007560515	0.001850996	0.001978257	0.0001906995	-0.04869968	-0.2181771	-0.113625	0.001227175	0.002469647	0.0005767393	-0.0002011033	-0.0004897923	-0.000168192	0.09600772	-0.2512927	-0.1392664	0.0004514292	-0.0003066398	-0.0005295537	0.001850996	0.001978257	0.0001906995
5421	0.1776881	-0.06484649	0.06792641	-0.07020454	-0.07116649	-0.1744521	0.1155491	-0.5276706	-0.1595929	0.1855531	0.1083094	0.02489781	-0.00281016	0.005760243	0.002365615	-0.0001286686	-0.0005478287	-0.0001599817	-0.1730112	0.1267852	0.03042245	0.002369548	0.003606854	0.002037744	0.002640011	0.003125771	0.0008414735	-0.04770407	-0.2101331	-0.1126804	0.001169283	0.003863225	0.0006687081	-0.0001286686	-0.0005478287	-0.0001599817	0.09488516	-0.2515998	-0.1395391	5.793085E-05	-0.000306758	-0.000465353	0.002640011	0.003125771	0.0008414735
5424	0.1782122	-0.06379607	0.07086158	-0.06849135	-0.07073087	-0.1704967	0.1170691	-0.5271538	-0.1564069	0.1835007	0.1112399	0.02604675	-0.002620727	0.00505282	0.002061446	-4.914315E-05	-0.0005877273	-0.0001960286	-0.1704318	0.1303098	0.02981138	0.002422001	0.003586298	0.001375541	0.001993122	0.002339189	0.0004655544	-0.04678586	-0.2097532	-0.1132404	0.001106514	0.002992399	0.0003615496	-4.914315E-05	-0.0005877273	-0.0001960286	0.09717439	-0.2487595	-0.1432536	0.000615757	0.0004799979	-0.001277625	0.001993122	0.002339189	0.0004655544
5428	0.17771	-0.06224865	0.07233095	-0.06804106	-0.07034332	-0.1683531	0.1173274	-0.5349131	-0.1571653	0.181677	0.1148597	0.02420211	-0.002421457	0.004694555	0.001084923	1.296002E-05	-0.0005303617	-0.0003911521	-0.1461031	0.1528195	0.04161286	0.007898678	0.00831714	0.003982026	0.00286401	0.002937102	0.001000787	-0.04548186	-0.2092321	-0.1136709	0.001155886	0.002374584	0.0001635162	1.296002E-05	-0.0005303617	-0.0003911521	0.07962759	-0.199351	-0.1250863	-0.003924883	0.01271214	0.003583595	0.00286401	0.002937102	0.001000787
5431	0.176963	-0.06015503	0.07416153	-0.06729455	-0.07023966	-0.1663902	0.1181164	-0.5373046	-0.1567013	0.1810614	0.116394	0.02262592	-0.00197	0.00390448	0.0004196462	0.0001225844	-0.0005952901	-0.0004596834	-0.1317058	0.1647019	0.04278326	0.009523336	0.009208454	0.003279119	0.002554172	0.002425655	0.0005748634	-0.04554847	-0.1958515	-0.1113017	0.0008502624	0.005126085	0.0007149583	0.0001225844	-0.0005952901	-0.0004596834	0.08023106	-0.2122239	-0.1281025	-0.002792795	0.006315861	0.001933638	0.002554172	0.002425655	0.0005748634
5434	0.1721676	-0.04527715	0.07714057	-0.06727473	-0.07084495	-0.1654489	0.1183569	-0.5380243	-0.1559408	0.1865749	0.1083703	0.02024579	-9.912741E-05	0.0009224401	-0.0002802986	0.0005596564	-0.001191978	-0.0005197487	-0.1240199	0.1696011	0.04516101	0.009063982	0.008131126	0.003053776	0.001800791	0.001549909	0.0003748119	-0.04221651	-0.195428	-0.1136757	0.001470687	0.003950425	-5.72945E-05	0.0005596564	-0.001191978	-0.0005197487	0.1042548	-0.2427886	-0.1488916	0.003911339	-0.00290426	-0.003747028	0.001800791	0.001549909	0.0003748119
5438	0.1718845	-0.04184064	0.07772923	-0.06757113	-0.07092947	-0.1650329	0.1168204	-0.5325509	-0.1555643	0.170894	0.1344941	0.02177858	-0.003994562	0.007222786	0.0001729743	-0.0005541163	0.0006811032	-0.0002764933	-0.1069637	0.2199144	0.06437755	0.01106202	0.01867669	0.007094467	0.001850103	0.003798823	0.001291281	-0.03653091	-0.1944449	-0.1178303	0.002524414	0.003208599	-0.001081612	-0.0005541163	0.0006811032	-0.0002764933	0.1025016	-0.2441608	-0.1478014	0.002495205	-0.002521264	-0.002537729	0.001850103	0.003798823	0.001291281
5441	0.1731114	-0.03924033	0.08057404	-0.06677365	-0.07033136	-0.162766	0.1178259	-0.5323058	-0.1534343	0.1654788	0.1374003	0.02175283	-0.004349725	0.006143647	0.0001232935	-0.0005043781	0.0002410428	-0.0002197902	-0.03458685	0.2285837	0.06579041	0.02639073	0.01617482	0.005674067	0.005219755	0.002223651	0.0006133611	-0.03438097	-0.1936733	-0.1199996	0.002430796	0.002599359	-0.001353551	-0.0005043781	0.0002410428	-0.0002197902	0.104486	-0.2437134	-0.1471409	0.002367516	-0.0017791	-0.001738162	0.005219755	0.002223651	0.0006133611
5444	0.1727796	-0.03691718	0.08159685	-0.06523809	-0.0705272	-0.1605129	0.1179157	-0.5336559	-0.1520536	0.1505838	0.1710591	0.03548741	-0.006986042	0.01302244	0.003526115	-0.001037363	0.001900479	0.0006858627	0.009731799	0.2360618	0.056113	0.03087271	0.01400066	0.001836197	0.005035311	0.001124198	-0.0004994465	-0.0325819	-0.192143	-0.1232896	0.002272866	0.002332088	-0.001837648	-0.001037363	0.001900479	0.0006858627	0.1079726	-0.2430428	-0.1456931	0.002647273	-0.001166668	-0.0009416722	0.005035311	0.001124198	-0.0004994465
5448	0.1700843	-0.03453374	0.08133793	-0.06449595	-0.07061681	-0.1591809	0.1153574	-0.5362663	-0.1530635	0.1311207	0.1867704	0.04402065	-0.01010533	0.01369465	0.004777896	-0.001557843	0.001593412	0.0008273424	0.0687912	0.2775845	0.05312562	0.03791938	0.02088116	0.0006303019	0.005538152	0.002563273	-0.0006760588	-0.03134793	-0.1915282	-0.1247216	0.002013141	0.001902768	-0.001736251	-0.001557843	0.001593412	0.0008273424	0.1119018	-0.2402642	-0.1474626	0.002967758	-0.0001803575	-0.00114864	0.005538152	0.002563273	-0.0006760588
5451	0.1597002	-0.01791692	0.08121777	-0.06301692	-0.0719091	-0.1573405	0.114838	-0.5379283	-0.15207	0.1291879	0.2160435	0.06354642	-0.008062184	0.01758927	0.008464864	-0.0006575967	0.002168714	0.001542249	0.1261119	0.259968	0.03818274	0.04276972	0.01125674	-0.003262995	0.005366198	-0.0004836498	-0.001480368	0.01630914	-0.2598133	-0.1659603	0.01342412	-0.01564421	-0.01161185	-0.0006575967	0.002168714	0.001542249	0.1093895	-0.2138163	-0.1440474	0.001597747	0.006476709	-7.673167E-06	0.005366198	-0.0004836498	-0.001480368
5454	0.1572062	-0.01349592	0.08388042	-0.06234796	-0.07261497	-0.1559684	0.1132067	-0.5394871	-0.1510503	0.1305289	0.2111011	0.06121922	-0.005711399	0.01195633	0.005766847	9.449862E-05	0.0002183015	0.0004821823	0.1264562	0.2368732	0.02608633	0.03216336	0.002668864	-0.005471347	0.001373057	-0.002509707	-0.001662364	0.01587166	-0.2598141	-0.1660001	0.009958722	-0.01173335	-0.008718845	9.449862E-05	0.0002183015	0.0004821823	0.1102379	-0.2130715	-0.1441474	0.001410404	0.005043737	-3.075902E-05	0.001373057	-0.002509707	-0.001662364
5458	0.1532582	-0.003488779	0.0870173	-0.06205241	-0.07347792	-0.1552482	0.1127988	-0.5400292	-0.1501327	0.134249	0.1980394	0.05613899	-0.003353516	0.005701837	0.003055079	0.0006603448	-0.001399897	-0.0003163051	0.1159927	0.1818665	0.004616022	0.02150663	-0.01175004	-0.009471088	-0.001634388	-0.005487006	-0.002246708	0.0167331	-0.2597963	-0.1659465	0.0076844	-0.008795564	-0.006525722	0.0006603448	-0.001399897	-0.0003163051	0.1129578	-0.2088478	-0.1421682	0.001737779	0.004838721	0.0004717387	-0.001634388	-0.005487006	-0.002246708
5461	0.1521358	-0.002854258	0.08799171	-0.06232952	-0.07374126	-0.1544852	0.1116848	-0.5401934	-0.1492429	0.1390721	0.1896024	0.04736376	-0.001309353	0.002167119	9.750109E-05	0.001006299	-0.001933602	-0.0009766234	0.1154702	0.1854375	0.009597778	0.01599935	-0.00791977	-0.005857877	-0.002602611	-0.003157687	-0.0007817284	0.01749697	-0.2598466	-0.1657852	0.00595427	-0.00660925	-0.004853969	0.001006299	-0.001933602	-0.0009766234	0.1162795	-0.2051133	-0.1403028	0.00213377	0.004562673	0.0008201508	-0.002602611	-0.003157687	-0.0007817284
5464	0.1509372	-0.00260365	0.08952737	-0.06270003	-0.07425028	-0.1532764	0.1098798	-0.5400612	-0.1484728	0.1449383	0.1825307	0.04242659	0.0004845237	-0.0001425869	-0.001161167	0.001203194	-0.002027628	-0.001047135	0.1394661	0.2029499	0.005139351	0.01799849	-0.001561717	-0.005508014	-0.001452173	-0.0007787521	-0.0004988307	0.01746987	-0.2600296	-0.1654825	0.004458926	-0.005002669	-0.003564809	0.001203194	-0.002027628	-0.001047135	0.1229612	-0.2053301	-0.1390893	0.003270742	0.003367798	0.0009184709	-0.001452173	-0.0007787521	-0.0004988307
5468	0.1481488	-0.002465934	0.09051943	-0.06523685	-0.07482418	-0.1523113	0.106011	-0.5394831	-0.1477892	0.1513577	0.1780021	0.03719425	0.001968237	-0.001239086	-0.002178959	0.001273323	-0.001794846	-0.001039799	0.1347722	0.2017476	0.006735563	0.01232541	-0.001471874	-0.003731958	-0.002507401	-0.0005616033	6.989107E-05	0.01698701	-0.260255	-0.1651561	0.00322348	-0.003808358	-0.002592008	0.001273323	-0.001794846	-0.001039799	0.1266316	-0.2039877	-0.1375202	0.003370668	0.002861449	0.001081141	-0.002507401	-0.0005616033	6.989107E-05
5471	0.1450183	-0.002231628	0.09187746	-0.06824549	-0.07521248	-0.1510699	0.1014188	-0.5397698	-0.1466858	0.1561233	0.1736414	0.0319066	0.002667577	-0.002019483	-0.002956131	0.001129828	-0.001541234	-0.0009741422	0.1335068	0.1971089	0.005152464	0.008927687	-0.002263588	-0.003194743	-0.002729981	-0.0006191311	0.0001867219	-0.002148136	-0.1980515	-0.1301634	-0.002366177	0.01269459	0.006804168	0.001129828	-0.001541234	-0.0009741422	0.1288368	-0.2304713	-0.1493741	0.003079299	-0.004474801	-0.002152627	-0.002729981	-0.0006191311	0.0001867219
5474	0.1433733	-0.002349108	0.09349036	-0.07094921	-0.07614648	-0.150228	0.09704182	-0.5403483	-0.1458263	0.1649038	0.1722808	0.02652311	0.004195818	-0.001854776	-0.003562971	0.001229431	-0.001114749	-0.0008823166	0.1270709	0.1902396	0.002582788	0.005086801	-0.003415005	-0.003038476	-0.003007707	-0.0007522025	0.0001791082	-0.004127488	-0.1982996	-0.1300387	-0.00226947	0.009458931	0.005134299	0.001229431	-0.001114749	-0.0008823166	0.1311637	-0.230198	-0.1476846	0.002891186	-0.003287779	-0.001192082	-0.003007707	-0.0007522025	0.0001791082
5478	0.1412255	-0.002211779	0.09540772	-0.07456206	-0.07668319	-0.1494086	0.09197742	-0.5407624	-0.1445467	0.172721	0.167745	0.02150559	0.005101173	-0.002525016	-0.003926608	0.001148412	-0.001003621	-0.0007526467	0.1208516	0.1866061	0.001453638	0.002260273	-0.003469629	-0.002561145	-0.002962413	-0.0005778078	0.000253664	-0.005564377	-0.1978477	-0.129267	-0.002061325	0.00720716	0.004043664	0.001148412	-0.001003621	-0.0007526467	0.1321516	-0.230361	-0.1464869	0.002415369	-0.002506578	-0.0005946377	-0.002962413	-0.0005778078	0.000253664
5481	0.1403051	-0.002994865	0.09651423	-0.07698871	-0.07736012	-0.1488957	0.0885665	-0.5416098	-0.1422968	0.1803784	0.1614599	0.01763725	0.005740217	-0.003465037	-0.003912041	0.00102107	-0.0009877214	-0.0005608433	0.1497247	0.2009147	-0.004993916	0.008913472	0.0009749215	-0.003532747	-0.0005585097	0.0006777818	-5.265258E-05	-0.007512897	-0.1982384	-0.1290983	-0.002033124	0.005307697	0.003074918	0.00102107	-0.0009877214	-0.0005608433	0.1330669	-0.2311602	-0.1442634	0.002040356	-0.002079732	0.0001098946	-0.0005585097	0.0006777818	-5.265258E-05
5484	0.1463196	-0.002904803	0.0981822	-0.08082181	-0.07794204	-0.1479232	0.08531646	-0.5422665	-0.1390681	0.1852441	0.145634	0.01401496	0.005521604	-0.006555267	-0.003839604	0.0007111492	-0.001513349	-0.0004025232	0.1402708	0.212925	-0.005136728	0.004321635	0.00373376	-0.002685264	-0.001566842	0.001198046	0.0001723814	-0.007726163	-0.1980806	-0.128157	-0.001578159	0.004020227	0.002541508	0.0007111492	-0.001513349	-0.0004025232	0.1323987	-0.232688	-0.1422888	0.001363218	-0.001941753	0.0005760667	-0.001566842	0.001198046	0.0001723814
5488	0.1481208	-0.003659844	0.1005557	-0.0846469	-0.07742485	-0.1464725	0.08292178	-0.5422276	-0.1353295	0.1979495	0.1212206	0.01220703	0.007317531	-0.01101979	-0.003331685	0.0009823437	-0.002251141	-0.0001749127	0.1453453	0.2117645	-0.0187552	0.004509855	0.002510217	-0.005418565	-0.001128076	0.0005926488	-0.0005540393	-0.007295474	-0.1991447	-0.127492	-0.001075947	0.002749144	0.002072398	0.0009823437	-0.002251141	-0.0001749127	0.1312384	-0.2341461	-0.1408619	0.0007323399	-0.001820834	0.0007887838	-0.001128076	0.0005926488	-0.0005540393
5491	0.1490425	-0.005673975	0.1024606	-0.08715634	-0.07741767	-0.1452119	0.0816159	-0.5430378	-0.1321938	0.2110951	0.08347404	0.01168299	0.008774558	-0.01770148	-0.002629775	0.001101015	-0.00335878	4.429309E-05	0.1369688	0.2084384	-0.03156328	0.001288275	0.001051126	-0.007265945	-0.001651452	7.971376E-05	-0.0008773744	-0.003100201	-0.2113464	-0.1295284	0.0002418577	-0.0009885626	0.001045185	0.001101015	-0.00335878	4.429309E-05	0.1288155	-0.2359403	-0.1399349	-5.647726E-05	-0.001814177	0.0008233307	-0.001651452	7.971376E-05	-0.0008773744
5494	0.149497	-0.008709401	0.1039178	-0.09014012	-0.07728413	-0.1439345	0.08149376	-0.5442039	-0.1286795	0.2159797	0.03405234	0.009928465	0.007802072	-0.02563154	-0.002410962	0.0005826395	-0.004501599	8.792309E-05	0.1451245	0.2273454	-0.05215359	0.00300511	0.005515105	-0.01059704	-0.0008093805	0.00117578	-0.001490803	-0.003150851	-0.2123225	-0.1290069	0.000168731	-0.0009854434	0.0009142742	0.0005826395	-0.004501599	8.792309E-05	0.1253992	-0.2396421	-0.1364566	-0.0008964441	-0.002286084	0.00148707	-0.0008093805	0.00117578	-0.001490803
5498	0.1827692	-0.04226094	0.107374	-0.08595692	-0.0774633	-0.1430722	0.08311115	-0.5440444	-0.1240623	0.2171989	0.01771724	0.01064777	0.00615635	-0.02330743	-0.001628394	2.5549E-05	-0.002795172	0.0002615842	0.1075333	0.1841739	-0.06878114	-0.007143946	-0.006656568	-0.01210466	-0.003144299	-0.002161083	-0.00149501	-0.009769142	-0.2157969	-0.1268523	-0.001528025	-0.001607697	0.001224353	2.5549E-05	-0.002795172	0.0002615842	0.1185031	-0.2444361	-0.1338292	-0.002396351	-0.002913078	0.001772146	-0.003144299	-0.002161083	-0.00149501
5501	0.180086	-0.04495513	0.1076963	-0.08489732	-0.07768658	-0.1413863	0.08569234	-0.54489	-0.1199858	0.2420121	-0.006653696	0.001096487	0.01082055	-0.02357331	-0.003609117	0.001185212	-0.002162848	-0.0002989926	0.1028125	0.1721424	-0.09576607	-0.006538169	-0.008000284	-0.01582473	-0.00220678	-0.001956742	-0.002051274	-0.01192553	-0.2211787	-0.1255453	-0.001685116	-0.002551221	0.001245017	0.001185212	-0.002162848	-0.0002989926	0.1115059	-0.2469521	-0.1313604	-0.003546564	-0.002813805	0.001946316	-0.00220678	-0.001956742	-0.002051274
5504	0.1775809	-0.0555377	0.1050248	-0.08541346	-0.07776651	-0.1401687	0.08630837	-0.5461739	-0.1167667	0.2001155	-0.0935571	-0.007418394	-0.00235872	-0.03940583	-0.004835558	-0.002405909	-0.005580267	-0.0005308547	0.1341069	0.1594879	-0.1024728	0.002919967	-0.009163845	-0.01354523	0.0007094489	-0.001758446	-0.0009685797	-0.01472624	-0.2248181	-0.1236939	-0.001964013	-0.002823247	0.001396593	-0.002405909	-0.005580267	-0.0005308547	0.106138	-0.2457393	-0.1282268	-0.004001896	-0.001807145	0.00224315	0.0007094489	-0.001758446	-0.0009685797
5508	0.1730976	-0.06706426	0.09780431	-0.08681823	-0.07758602	-0.1387868	0.08742072	-0.5514468	-0.1134498	0.1727577	-0.1435257	-0.01201272	-0.008608487	-0.04204653	-0.00477525	-0.003366873	-0.004845376	-0.0003830641	0.171025	0.1302072	-0.1317234	0.0114195	-0.01419306	-0.01747158	0.002656969	-0.00257614	-0.001708022	-0.01762307	-0.2291347	-0.12112	-0.002197217	-0.0031966	0.001690937	-0.003366873	-0.004845376	-0.0003830641	0.1000383	-0.2457738	-0.1251879	-0.004526339	-0.001363994	0.002442084	0.002656969	-0.00257614	-0.001708022
5511	0.1698169	-0.07383916	0.09277487	-0.08807802	-0.07738528	-0.1360161	0.08661601	-0.5533236	-0.1092775	0.1399876	-0.1961144	-0.01759863	-0.0146489	-0.04468207	-0.004977915	-0.004035259	-0.004292916	-0.0003379642	0.1814015	0.04270771	-0.1254988	0.01115875	-0.03251966	-0.01154752	0.001927539	-0.006513754	0.0001999964	-0.02298066	-0.2333246	-0.1179107	-0.002987311	-0.003444912	0.002070511	-0.004035259	-0.004292916	-0.0003379642	0.09613657	-0.2460085	-0.1232095	-0.004370192	-0.001081676	0.002326162	0.001927539	-0.006513754	0.0001999964
5514	0.1658132	-0.08260509	0.08298349	-0.09022279	-0.07722762	-0.1332847	0.08586424	-0.5547907	-0.1055143	0.08735567	-0.2233158	-0.0104599	-0.02414466	-0.04031191	-0.001948754	-0.005400383	-0.002127148	0.0005038171	0.2263493	-0.02867397	-0.1998253	0.01960603	-0.04223517	-0.02724227	0.003557474	-0.007314192	-0.00377369	-0.02741446	-0.2373361	-0.1156304	-0.003348933	-0.003586566	0.002122972	-0.005400383	-0.002127148	0.0005038171	0.09074739	-0.2446742	-0.1199677	-0.00462494	-0.0004776688	0.002555066	0.003557474	-0.007314192	-0.00377369
5518	0.1623254	-0.08321944	0.08139873	-0.09223097	-0.07701263	-0.1309872	0.08473986	-0.5557785	-0.1022937	0.07154059	-0.2418785	-0.01338243	-0.02206226	-0.0348746	-0.002192199	-0.003529688	-0.0002360321	0.0003170015	0.1890983	-0.1460483	-0.186373	0.005391756	-0.06101996	-0.01706863	-0.0008854619	-0.01018184	-0.0002868571	-0.03205702	-0.2426336	-0.1121794	-0.00367234	-0.004014295	0.002454976	-0.003529688	-0.0002360321	0.0003170015	0.08555779	-0.2422002	-0.1169101	-0.004766104	0.0002602547	0.002680699	-0.0008854619	-0.01018184	-0.0002868571
5521	0.1594028	-0.08288476	0.07372379	-0.09535627	-0.07653379	-0.1293699	0.08355934	-0.5561625	-0.09995127	0.0628396	-0.2776771	-0.03288817	-0.01872195	-0.0351056	-0.006520584	-0.001812187	-0.0002347754	-0.0008443451	0.09964241	-0.2181982	-0.1204932	-0.01832015	-0.06380244	0.003668481	-0.006592072	-0.008332002	0.004969135	-0.03568779	-0.2438143	-0.1088457	-0.003661948	-0.003305894	0.002674654	-0.001812187	-0.0002347754	-0.0008443451	0.07543541	-0.2422987	-0.1120253	-0.006105172	0.0001705668	0.003231734	-0.006592072	-0.008332002	0.004969135
5524	0.1577842	-0.08431765	0.06831598	-0.1003647	-0.07595891	-0.1273972	0.08021434	-0.556114	-0.09711242	0.05560624	-0.2761193	-0.02820182	-0.0158498	-0.02593974	-0.003718849	-0.000641104	0.002115385	6.71749E-05	0.01550157	-0.2153511	-0.05018687	-0.03477532	-0.04714006	0.02032794	-0.009057848	-0.002083405	0.007891716	-0.03945996	-0.2460659	-0.1047326	-0.003689503	-0.003042331	0.00303426	-0.000641104	0.002115385	6.71749E-05	0.07259461	-0.2445319	-0.113368	-0.005289079	-0.0004303841	0.002088107	-0.009057848	-0.002083405	0.007891716
5528	0.1568409	-0.08402199	0.06288695	-0.1053704	-0.07426077	-0.1248395	0.07487471	-0.5551274	-0.09579659	0.04621255	-0.2706752	-0.02190161	-0.01423577	-0.01809378	-0.001214084	-7.732105E-05	0.003548027	0.0006765724	0.01934287	-0.21548	-0.04775739	-0.02512117	-0.03538728	0.01585332	-0.004379847	0.001375641	0.004800133	-0.04453677	-0.2473007	-0.1006439	-0.00403633	-0.00259044	0.003297885	-7.732105E-05	0.003548027	0.0006765724	0.06908087	-0.2520271	-0.1167996	-0.004845244	-0.002196594	0.0007081907	-0.004379847	0.001375641	0.004800133
5531	0.1526768	-0.08282268	0.06472468	-0.1110471	-0.07363442	-0.1214339	0.06836689	-0.5549923	-0.09374142	0.03742199	-0.2520672	-0.01058435	-0.01287447	-0.008918344	0.00191875	0.0002823352	0.00495488	0.001290638	0.02303682	-0.2157542	-0.04429245	-0.01791739	-0.02660898	0.01275623	-0.00148394	0.003226304	0.002825826	-0.05052707	-0.2472121	-0.0941813	-0.004524822	-0.001920672	0.004089057	0.0002823352	0.00495488	0.001290638	0.06307484	-0.2542893	-0.1214089	-0.005135441	-0.002212997	-0.0006211936	-0.00148394	0.003226304	0.002825826
5534	0.1475795	-0.08145517	0.06711316	-0.1150689	-0.07148764	-0.1188649	0.06049	-0.5542365	-0.09325123	0.03504492	-0.224628	0.001999855	-0.01025012	0.0001710439	0.004585115	0.0008678384	0.005988507	0.00163457	0.02440734	-0.215802	-0.04389668	-0.01309541	-0.0199687	0.009666113	9.2539E-05	0.0040798	0.001346841	-0.05720833	-0.2494619	-0.09004092	-0.005063932	-0.002002971	0.004101887	0.0008678384	0.005988507	0.00163457	0.05588572	-0.2589649	-0.126417	-0.005648862	-0.002828639	-0.001717921	9.2539E-05	0.0040798	0.001346841
5538	0.1429313	-0.07919171	0.07225204	-0.1162378	-0.06912553	-0.1157788	0.05244217	-0.5538405	-0.09184885	0.03363211	-0.2188312	0.005349159	-0.008040791	0.001577484	0.004276162	0.001203211	0.004842991	0.001148689	0.02457424	-0.2158083	-0.04398823	-0.009779833	-0.01497809	0.007226697	0.0008982981	0.004307501	0.0004002766	-0.06532145	-0.2536485	-0.08738697	-0.005826228	-0.002548886	0.003739905	0.001203211	0.004842991	0.001148689	0.0477255	-0.2564544	-0.1272528	-0.006276701	-0.00149385	-0.001497385	0.0008982981	0.004307501	0.0004002766
5541	0.1404857	-0.07335922	0.0824132	-0.1145686	-0.06733799	-0.1160507	0.04615742	-0.5543498	-0.09217024	0.03223233	-0.2189102	0.006782293	-0.006380539	0.001163358	0.003565405	0.001317471	0.003528711	0.0006838277	0.02459394	-0.2157301	-0.04462624	-0.007329948	-0.01121404	0.005260521	0.001286195	0.00417164	-0.0001913366	-0.07378344	-0.2563722	-0.08416009	-0.006485171	-0.002592588	0.003611648	0.001317471	0.003528711	0.0006838277	0.04144207	-0.256827	-0.1274453	-0.006278384	-0.001213542	-0.001171169	0.001286195	0.00417164	-0.0001913366
5544	0.1405699	-0.07286909	0.0864265	-0.1100017	-0.06607828	-0.1184542	0.04279771	-0.5554943	-0.09347606	0.03175052	-0.2190057	0.006520748	-0.004905858	0.0008486542	0.002608668	0.001356774	0.002567858	0.0002736863	0.02461912	-0.2157099	-0.04472399	-0.005491165	-0.008405468	0.003920953	0.001424342	0.003830872	-0.0004783944	-0.08016053	-0.2582967	-0.08227563	-0.006458149	-0.002425555	0.003179851	0.001356774	0.002567858	0.0002736863	0.03461529	-0.2577284	-0.1251857	-0.006415481	-0.001135514	-0.0003134738	0.001424342	0.003830872	-0.0004783944
5548	0.1402145	-0.07258061	0.09035206	-0.1064906	-0.06515911	-0.1204796	0.03931174	-0.5569887	-0.0941112	0.03140361	-0.2190614	0.006412029	-0.00376612	0.0006225618	0.001929321	0.001302515	0.00186937	3.542805E-05	0.02464114	-0.2156927	-0.04479861	-0.00411287	-0.006299813	0.002922058	0.00141283	0.003399568	-0.0006085194	-0.08507706	-0.2601179	-0.08232749	-0.006072746	-0.002274456	0.002371924	0.001302515	0.00186937	3.542805E-05	0.02952462	-0.2612495	-0.1218063	-0.006084278	-0.0017319	0.0006097607	0.00141283	0.003399568	-0.0006085194
5551	0.134315	-0.07285649	0.09399295	-0.10777	-0.0640775	-0.1207874	0.03127947	-0.5590891	-0.09321094	0.03120298	-0.2190845	0.006383419	-0.002874746	0.0004611397	0.001439838	0.001199729	0.001361672	-9.579968E-05	0.02465921	-0.2156786	-0.04484391	-0.003080136	-0.004721321	0.002180219	0.001317806	0.002944299	-0.0006418494	-0.08985379	-0.2660716	-0.08948421	-0.005748742	-0.003194289	-1.023943E-05	0.001199729	0.001361672	-9.579968E-05	0.02636626	-0.2612043	-0.1129166	-0.005352799	-0.001287622	0.002679739	0.001317806	0.002944299	-0.0006418494
5554	0.1312504	-0.07513267	0.09723568	-0.109007	-0.06381088	-0.1204246	0.02738566	-0.5606087	-0.09285378	0.03103627	-0.2190729	0.00631237	-0.002197738	0.0003487642	0.001062116	0.001069049	0.0009931601	-0.0001662802	0.02467474	-0.2156367	-0.04488492	-0.00230622	-0.003530512	0.001624912	0.001181834	0.002505926	-0.0006202137	-0.08825277	-0.2679085	-0.09590602	-0.003911301	-0.002854933	-0.001613131	0.001069049	0.0009931601	-0.0001662802	0.02123415	-0.2626823	-0.1071479	-0.005297626	-0.001335221	0.003451969	0.001181834	0.002505926	-0.0006202137
5558	0.1267036	-0.07995284	0.0996604	-0.1061828	-0.06345859	-0.1228647	0.0247596	-0.5622619	-0.09265137	0.03085479	-0.2190535	0.006277084	-0.001693674	0.0002664235	0.0007877658	0.0009278029	0.0007242849	-0.0001932978	0.0247099	-0.2155928	-0.04491925	-0.001720873	-0.002636924	0.001210101	0.001032712	0.002102842	-0.0005688631	-0.08800462	-0.2731977	-0.1029474	-0.002871438	-0.003463507	-0.002970182	0.0009278029	0.0007242849	-0.0001932978	0.01651075	-0.2596136	-0.09966135	-0.00515407	-0.0002342516	0.004460622	0.001032712	0.002102842	-0.0005688631
5561	0.1251413	-0.0873715	0.1044116	-0.1038873	-0.06337753	-0.124741	0.02385934	-0.5638585	-0.09213233	0.03075219	-0.2190014	0.006202698	-0.001295906	0.0002128412	0.0005722278	0.0007952942	0.0005298181	-0.0001988579	0.02472086	-0.2155365	-0.04496884	-0.001287915	-0.001963608	0.0008951781	0.0008827735	0.00174546	-0.0005053781	-0.08568729	-0.2737957	-0.1063672	-0.001574248	-0.002747126	-0.003082606	0.0007952942	0.0005298181	-0.0001988579	0.01695845	-0.2759096	-0.1059799	-0.00375363	-0.004249689	0.001765824	0.0008827735	0.00174546	-0.0005053781
5564	0.1255309	-0.0902393	0.1048605	-0.1002132	-0.0623441	-0.1269639	0.02613078	-0.5641958	-0.09253216	0.03070024	-0.2189758	0.006195545	-0.000984915	0.0001660198	0.0004273827	0.0006742184	0.0003856582	-0.0001853547	0.02473562	-0.215511	-0.04497647	-0.0009622464	-0.001466328	0.0006694762	0.0007434973	0.001433415	-0.000435459	-0.08293536	-0.2731721	-0.1106834	-0.0004927028	-0.001904426	-0.003391007	0.0006742184	0.0003856582	-0.0001853547	0.01936159	-0.2782762	-0.1038941	-0.002214437	-0.00377891	0.00184582	0.0007434973	0.001433415	-0.000435459
5568	0.1230786	-0.09447573	0.1063755	-0.09983782	-0.06222653	-0.1276801	0.02695349	-0.5650927	-0.0914669	0.03067043	-0.2189414	0.006184578	-0.0007461396	0.0001331277	0.0003177952	0.0005653576	0.0002810206	-0.0001664129	0.02475028	-0.2154815	-0.04498482	-0.000718021	-0.001092381	0.000500021	0.0006186793	0.001168548	-0.0003689581	-0.07966605	-0.2730213	-0.1138501	0.0004478016	-0.00139062	-0.003334924	0.0005653576	0.0002810206	-0.0001664129	0.03015712	-0.2670704	-0.1054337	0.001038056	-3.271922E-05	0.0009994677	0.0006186793	0.001168548	-0.0003689581
5571	0.1208083	-0.09677546	0.1062934	-0.099822	-0.06207445	-0.1285657	0.03125025	-0.5648646	-0.08599949	0.0306562	-0.2189184	0.006177902	-0.0005631623	0.0001055827	0.0002366775	0.0004697625	0.0002038792	-0.0001450891	0.02476234	-0.2154605	-0.04498625	-0.0005355001	-0.0008140257	0.0003746581	0.0005096397	0.0009459998	-0.0003080593	-0.07741371	-0.2720652	-0.1174308	0.0008989363	-0.0008039576	-0.003396365	0.0004697625	0.0002038792	-0.0001450891	0.04956503	-0.2562954	-0.1043978	0.00563052	0.002669203	0.001008583	0.0005096397	0.0009459998	-0.0003080593
5574	0.1204929	-0.09729302	0.1057782	-0.09955236	-0.06229129	-0.1294694	0.03318244	-0.5658712	-0.08255339	0.003551193	-0.2595925	-0.003281116	-0.007198623	-0.01008934	-0.002187246	-0.001306543	-0.002395821	-0.0007147978	0.03661004	-0.2110223	-0.05848622	0.0025603	0.0004990361	-0.003094	0.00115618	0.001037765	-0.001098209	-0.07486726	-0.2693153	-0.1202888	0.001310813	8.451927E-05	-0.003261785	-0.001306543	-0.002395821	-0.0007147978	0.0643539	-0.2390977	-0.1005875	0.007920107	0.006301312	0.001709009	0.00115618	0.001037765	-0.001098209
5578	0.120021	-0.1004464	0.1052628	-0.09897092	-0.06199634	-0.1306542	0.03323162	-0.5667496	-0.08074355	0.01351732	-0.2757318	-0.01476765	-0.002907436	-0.01160182	-0.004512067	9.288918E-05	-0.002174987	-0.001117304	0.05529359	-0.2000424	-0.08185959	0.006591111	0.00311925	-0.008163841	0.001874838	0.001433377	-0.002091117	-0.07286461	-0.2664868	-0.1221848	0.001483774	0.0007705091	-0.002920315	9.288918E-05	-0.002174987	-0.001117304	0.07508565	-0.2239792	-0.09883058	0.008623019	0.008505607	0.001720983	0.001874838	0.001433377	-0.002091117
5581	0.1216577	-0.1022332	0.1029756	-0.0967471	-0.06222844	-0.1324028	0.02948842	-0.5668704	-0.08173466	0.0232682	-0.2786371	-0.02326012	0.0002571438	-0.009427702	-0.005507168	0.0008608119	-0.00108771	-0.001086753	0.09886477	-0.198205	-0.1202068	0.01583613	0.002798784	-0.01570969	0.003717383	0.0009949168	-0.003454801	-0.07024507	-0.2560752	-0.1226381	0.001767714	0.003180772	-0.002303574	0.0008608119	-0.00108771	-0.001086753	0.09258124	-0.2310037	-0.1020554	0.01084116	0.004623085	0.000484525	0.003717383	0.0009949168	-0.003454801
5584	0.1237195	-0.1040457	0.1009765	-0.09571736	-0.06158006	-0.1330349	0.02635721	-0.5661997	-0.0825758	0.03152826	-0.2756557	-0.03210211	0.002257873	-0.006325413	-0.006340874	0.001145791	-4.021008E-05	-0.001023491	0.139436	-0.1819664	-0.152442	0.0220199	0.006158731	-0.01984106	0.004333979	0.001586174	-0.003623941	-0.06782502	-0.2491973	-0.1232281	0.001930799	0.00410505	-0.001875172	0.001145791	-4.021008E-05	-0.001023491	0.1043848	-0.2306313	-0.1088835	0.01108176	0.003560427	-0.001343624	0.004333979	0.001586174	-0.003623941
5588	0.1264035	-0.1057738	0.09873819	-0.0951892	-0.06133568	-0.1334938	0.02429361	-0.5660819	-0.08417368	0.03923993	-0.2655209	-0.04091358	0.003621322	-0.002210363	-0.006958524	0.001200206	0.0009986048	-0.0009220308	0.1487599	-0.1420653	-0.1539609	0.01884591	0.01459433	-0.01526053	0.002456986	0.00329853	-0.001572825	-0.0660625	-0.2472242	-0.1245657	0.00188873	0.003572087	-0.001740791	0.001200206	0.0009986048	-0.0009220308	0.1221996	-0.2238358	-0.1130468	0.01276502	0.004369187	-0.002048534	0.002456986	0.00329853	-0.001572825
5591	0.1294032	-0.10612	0.09650469	-0.09558582	-0.06155112	-0.1332633	0.0230399	-0.5667192	-0.08524489	0.04638518	-0.2519532	-0.04505944	0.004502303	0.001734142	-0.006255358	0.0011204	0.00173508	-0.0005157317	0.141956	-0.1132738	-0.1433306	0.01243345	0.01814361	-0.008787808	0.0002396246	0.003361219	0.0004385624	-0.06381419	-0.2392055	-0.1252087	0.001978623	0.004683722	-0.001466347	0.0011204	0.00173508	-0.0005157317	0.1329882	-0.2205145	-0.1170256	0.01227092	0.00410722	-0.002531113	0.0002396246	0.003361219	0.0004385624
5594	0.1336014	-0.1088604	0.09382367	-0.09610312	-0.06129915	-0.1324712	0.02075396	-0.5666888	-0.0862267	0.05171577	-0.2309271	-0.04821682	0.004709376	0.006557154	-0.005480863	0.000892068	0.002507063	-0.0001931749	0.1406601	-0.1078953	-0.1397729	0.009001112	0.01495234	-0.005701436	-0.0006783654	0.001723096	0.001100515	-0.06323183	-0.2370296	-0.1268585	0.001629559	0.004056773	-0.001512195	0.000892068	0.002507063	-0.0001931749	0.1535499	-0.2192952	-0.1298726	0.01434361	0.003385233	-0.005110071	-0.0006783654	0.001723096	0.001100515
5598	0.1372919	-0.1087331	0.09220243	-0.09505507	-0.06092599	-0.1317085	0.02103135	-0.5659332	-0.08643198	0.05667766	-0.2188928	-0.05010796	0.004772504	0.007926421	-0.004583431	0.0006848329	0.002222614	7.947674E-05	0.1534117	-0.09456688	-0.164012	0.00993875	0.01454636	-0.01033584	-0.0002743643	0.001190826	-0.0003332155	-0.06443474	-0.2338722	-0.1268266	0.0009214416	0.00383192	-0.001126189	0.0006848329	0.002222614	7.947674E-05	0.1627692	-0.2180576	-0.1330814	0.01306254	0.002848329	-0.004634772	-0.0002743643	0.001190826	-0.0003332155
5601	0.1409087	-0.1083041	0.08896255	-0.09410562	-0.06093705	-0.1323004	0.02205561	-0.5654145	-0.08746505	0.05967091	-0.2117143	-0.04889679	0.004327691	0.007739441	-0.003134781	0.0004024215	0.001620215	0.0004217699	0.148797	-0.09423335	-0.1635382	0.006300385	0.01099315	-0.007633447	-0.001115365	4.817965E-06	0.0004256871	-0.06569973	-0.2314577	-0.1258094	0.0003748338	0.003477586	-0.0005903384	0.0004024215	0.001620215	0.0004217699	0.1666649	-0.2145883	-0.1333674	0.01077081	0.003003576	-0.003547575	-0.001115365	4.817965E-06	0.0004256871
5604	0.1438493	-0.1078982	0.08651304	-0.09967997	-0.06244892	-0.1309347	0.02245163	-0.5649754	-0.087569	0.06477982	-0.2097597	-0.05159426	0.004522995	0.006293231	-0.003025453	0.0003506421	0.0008536089	0.0003436595	0.1416183	-0.08411482	-0.1597826	0.002930608	0.0107745	-0.004786193	-0.001678968	-5.105051E-05	0.001031079	-0.06115024	-0.229044	-0.1256204	0.001418497	0.003211605	-0.0003954873	0.0003506421	0.0008536089	0.0003436595	0.1714495	-0.2093883	-0.1363704	0.009274269	0.003552671	-0.003411432	-0.001678968	-5.105051E-05	0.001031079
5608	0.147009	-0.1074473	0.08402991	-0.1010048	-0.06312498	-0.1301199	0.02319848	-0.5645652	-0.0880146	0.06580395	-0.2095451	-0.05096173	0.003648278	0.004773586	-0.002110959	4.430232E-05	0.0002602956	0.0004863683	0.1390508	-0.07988191	-0.1600537	0.00155607	0.0091391	-0.003657415	-0.00160286	-0.0004471369	0.001055504	-0.0619839	-0.226215	-0.1232126	0.000855458	0.003115946	0.0003053318	4.430232E-05	0.0002602956	0.0004863683	0.1643232	-0.2166301	-0.1335891	0.005174119	0.0008540491	-0.001863256	-0.00160286	-0.0004471369	0.001055504
5611	0.1493372	-0.1053513	0.08186698	-0.09950738	-0.0627791	-0.1299131	0.02364838	-0.5634109	-0.08828449	0.06615852	-0.2096134	-0.04994464	0.002824852	0.00356312	-0.001328946	-0.0001726298	-0.0001073948	0.0005602795	0.1378945	-0.08015231	-0.1609712	0.0008779808	0.006786724	-0.00297242	-0.001371667	-0.0009234467	0.0009628765	-0.0651471	-0.2265171	-0.1195679	-0.0001492074	0.002261437	0.001140175	-0.0001726298	-0.0001073948	0.0005602795	0.1340053	-0.200651	-0.1162735	-0.003698868	0.004635322	0.002931465	-0.001371667	-0.0009234467	0.0009628765
5614	0.1511467	-0.1035374	0.08085608	-0.1020658	-0.06232151	-0.1283962	0.02478299	-0.5626477	-0.08808398	0.06601115	-0.2098269	-0.04895926	0.002081797	0.002618942	-0.0007503631	-0.000315236	-0.0003165907	0.0005648552	0.1348345	-0.08891348	-0.158846	-0.0001065102	0.002899751	-0.001698029	-0.001274873	-0.001664328	0.001040755	-0.06438416	-0.2263151	-0.1159815	7.88293E-05	0.00174657	0.001751734	-0.000315236	-0.0003165907	0.0005648552	0.1326104	-0.2032136	-0.120629	-0.003122887	0.002835835	0.001109741	-0.001274873	-0.001664328	0.001040755
5618	0.152216	-0.1021801	0.07952666	-0.1039422	-0.06188765	-0.1271005	0.02582412	-0.5619586	-0.08800626	0.06511047	-0.2103827	-0.04722905	0.001336179	0.001825279	-0.0001302214	-0.0004228317	-0.0004358587	0.0005786768	0.1283527	-0.09726042	-0.1593806	-0.001700324	8.80789E-05	-0.001407155	-0.001354608	-0.001951164	0.0008532847	-0.06498508	-0.2267148	-0.1117897	-9.110781E-05	0.001210004	0.00236174	-0.0004228317	-0.0004358587	0.0005786768	0.09680262	-0.2051129	-0.103096	-0.01129411	0.001652062	0.005215542	-0.001354608	-0.001951164	0.0008532847
5621	0.1529062	-0.1008928	0.07856345	-0.1050535	-0.06165913	-0.1265013	0.02812707	-0.5608709	-0.08817887	0.06247235	-0.2114081	-0.0457747	0.0003426028	0.001112603	0.0002659223	-0.0005655177	-0.0005050629	0.0005330435	0.1152528	-0.1128023	-0.1591947	-0.00455023	-0.003819424	-0.001008905	-0.001728433	-0.002440249	0.0007395262	-0.0672282	-0.2295214	-0.1076659	-0.00062911	0.0002058709	0.002802256	-0.0005655177	-0.0005050629	0.0005330435	0.09195995	-0.2061683	-0.1031171	-0.009681248	0.0009751951	0.003906381	-0.001728433	-0.002440249	0.0007395262
5625	0.1531169	-0.1000099	0.07791543	-0.1060965	-0.06166196	-0.125818	0.0343374	-0.5586098	-0.0874114	0.05620313	-0.2136598	-0.04212141	-0.001310354	0.0002715165	0.001112764	-0.0008373774	-0.0005890689	0.000611493	0.1058963	-0.1302378	-0.158123	-0.00575179	-0.007223443	-0.0004887555	-0.001596714	-0.002681192	0.0006846819	-0.06956892	-0.2337002	-0.1037288	-0.001057012	-0.0008902949	0.003085974	-0.0008373774	-0.0005890689	0.000611493	0.08047996	-0.216944	-0.1081254	-0.01013093	-0.001962533	0.001677701	-0.001596714	-0.002681192	0.0006846819
5628	0.1536795	-0.09367278	0.07777023	-0.107346	-0.06141958	-0.124859	0.04131726	-0.5545196	-0.08610296	0.04908341	-0.2217071	-0.03819704	-0.002762695	-0.001808183	0.001815665	-0.0009911184	-0.0009617266	0.0006343451	0.08575591	-0.1716503	-0.1615307	-0.009348945	-0.01577068	-0.001218496	-0.002096825	-0.004147704	0.0003310764	-0.07113475	-0.2392779	-0.1005073	-0.001184216	-0.002062164	0.003119858	-0.0009911184	-0.0009617266	0.0006343451	0.06962392	-0.2271998	-0.1095239	-0.01031221	-0.004035853	0.0009086647	-0.002096825	-0.004147704	0.0003310764
5631	0.1536365	-0.09288083	0.07793498	-0.108049	-0.06137332	-0.1233461	0.04142369	-0.5539479	-0.08544445	0.04219637	-0.2493521	-0.03359079	-0.003793782	-0.008267375	0.002513311	-0.00100111	-0.002336093	0.0006501702	0.07201263	-0.1615303	-0.1485217	-0.01044753	-0.009298013	0.002338396	-0.001847265	-0.00149261	0.00113753	-0.07315949	-0.2477772	-0.0973109	-0.001394347	-0.003671451	0.003138983	-0.00100111	-0.002336093	0.0006501702	0.05263452	-0.2721383	-0.1197536	-0.01198151	-0.0142615	-0.001875928	-0.001847265	-0.00149261	0.00113753
5635	0.153608	-0.09081815	0.07832861	-0.108762	-0.06130308	-0.1225812	0.04001558	-0.5541933	-0.08608556	0.03853952	-0.2687777	-0.03375864	-0.003759548	-0.01105695	0.001843021	-0.0007422743	-0.002449464	0.0003200553	0.0497592	-0.1769271	-0.1305733	-0.013399	-0.01082271	0.006240894	-0.002123317	-0.001500632	0.001828772	-0.07490245	-0.256573	-0.09572482	-0.0014815	-0.004952519	0.002750757	-0.0007422743	-0.002449464	0.0003200553	0.0414222	-0.2688313	-0.1183314	-0.01178921	-0.00986938	-0.001051404	-0.002123317	-0.001500632	0.001828772
5638	0.1532292	-0.08910564	0.07964563	-0.1097441	-0.06114048	-0.1213057	0.03738131	-0.5555375	-0.08580661	0.0312266	-0.2798676	-0.03199363	-0.004647892	-0.01106519	0.001823519	-0.0007787917	-0.001839156	0.0002351659	0.03406526	-0.2169453	-0.1253006	-0.01397274	-0.0181216	0.005998828	-0.001735921	-0.002950196	0.001311063	-0.07616295	-0.2606968	-0.09289122	-0.001426251	-0.004745341	0.002771469	-0.0007787917	-0.001839156	0.0002351659	0.02183059	-0.2768832	-0.1119673	-0.01373981	-0.009415017	0.0008024735	-0.001735921	-0.002950196	0.001311063
5641	0.1526391	-0.0876288	0.08059931	-0.1103228	-0.06120679	-0.1211925	0.03391962	-0.5568623	-0.08642101	0.02741125	-0.2840914	-0.02976513	-0.004439755	-0.009354837	0.001924764	-0.0005320596	-0.0009517804	0.0002016856	0.02073967	-0.2110103	-0.09593463	-0.01381095	-0.01210745	0.01184062	-0.001261495	-0.0007091104	0.002443746	-0.07846466	-0.2648981	-0.08890331	-0.001645115	-0.004609329	0.003075579	-0.0005320596	-0.0009517804	0.0002016856	0.01398897	-0.2808191	-0.1082131	-0.01226526	-0.008045247	0.00154042	-0.001261495	-0.0007091104	0.002443746
5645	0.150772	-0.08315068	0.0805459	-0.1111069	-0.06166738	-0.1217816	0.03271636	-0.5568951	-0.08455801	0.02287266	-0.2861405	-0.02507901	-0.004464463	-0.007528393	0.002615102	-0.0004052218	-0.0002572241	0.0003238488	0.0175754	-0.2241497	-0.08441997	-0.01114928	-0.01236544	0.01175913	-0.0002807033	-0.0005963292	0.001812437	-0.08107482	-0.2662317	-0.08500099	-0.001886377	-0.003790395	0.003282263	-0.0004052218	-0.0002572241	0.0003238488	0.0001009405	-0.2787641	-0.1011934	-0.01267095	-0.005520165	0.002910224	-0.0002807033	-0.0005963292	0.001812437
5648	0.1494149	-0.08281797	0.0829668	-0.112102	-0.06198651	-0.1212865	0.03153203	-0.5571793	-0.08230162	0.01422988	-0.2796318	-0.01834512	-0.005509045	-0.004019125	0.0036448	-0.0005650618	0.0006843989	0.0005003111	0.008828469	-0.2152403	-0.05249691	-0.01054869	-0.00704672	0.01680011	-6.038058E-05	0.0008824326	0.002619573	-0.08569597	-0.2726711	-0.08120835	-0.00257007	-0.004452665	0.003409858	-0.0005650618	0.0006843989	0.0005003111	-0.004584789	-0.2704764	-0.09625447	-0.01067465	-0.002068215	0.003417408	-6.038058E-05	0.0008824326	0.002619573
5651	0.1472342	-0.08260676	0.08549953	-0.1132364	-0.0622153	-0.1212903	0.0299375	-0.5573527	-0.08063245	0.008694995	-0.2724706	-0.01255322	-0.005515504	-0.001224051	0.004181576	-0.000425411	0.001212068	0.0005094273	0.01427041	-0.2143129	-0.05586171	-0.006551035	-0.0050532	0.01175889	0.0009541292	0.001160204	0.0007043725	-0.08801056	-0.2757882	-0.07775009	-0.002506202	-0.004118755	0.003421959	-0.000425411	0.001212068	0.0005094273	-0.007203817	-0.2644847	-0.09389818	-0.008660743	-5.322171E-05	0.003152129	0.0009541292	0.001160204	0.0007043725
