109	0.06640151	-0.05448061	-0.1699706	-0.09661567	-0.05022034	0.1079373	-0.08475795	-0.53537	-0.1119723	-0.1324137	-0.145827	-0.1462857	-0.0003009452	0.0003752429	0.0003534858	-0.0001345646	8.845931E-05	-1.249919E-05	-0.1543491	0.1358104	0.03543818	0.003170658	-0.001561283	-0.001590692	0.0006481413	-0.0005369146	-0.0004130884	-0.1785083	-0.1655018	-0.1236873	0.0008664606	-0.0008497849	0.001268487	-0.0001345646	8.845931E-05	-1.249919E-05	-0.0373182	0.167565	-0.1309612	-0.005441481	-0.002759871	-0.001943229	0.0006481413	-0.0005369146	-0.0004130884
113	0.06612647	-0.05491024	-0.1701348	-0.09661272	-0.05022928	0.1079452	-0.08470571	-0.5354098	-0.1118903	-0.1334736	-0.1448492	-0.1461277	-0.0004906813	0.0005258671	0.0003046025	-0.0001483574	0.0001040005	-2.159524E-05	-0.1573122	0.1322827	0.03587449	0.001637209	-0.002052884	-0.001083942	0.0001027436	-0.0005255861	-0.0001831289	-0.1786987	-0.1657496	-0.1237075	0.00060224	-0.0006992791	0.0009462986	-0.0001483574	0.0001040005	-2.159524E-05	-0.03691751	0.1677987	-0.1307577	-0.003980937	-0.002011464	-0.001406549	0.0001027436	-0.0005255861	-0.0001831289
116	0.06557062	-0.05518791	-0.1710234	-0.09659317	-0.05027699	0.1079738	-0.08479974	-0.5350636	-0.1119874	-0.1333148	-0.1440039	-0.1452636	-0.0003282994	0.0006057323	0.0004444889	-7.067261E-05	9.79667E-05	1.877518E-05	-0.1812537	0.1027893	0.02464771	-0.004757462	-0.008913004	-0.00361965	-0.00152161	-0.00210922	-0.0007712736	-0.1787172	-0.1656145	-0.1238978	0.0004470718	-0.0004907008	0.0006621595	-7.067261E-05	9.79667E-05	1.877518E-05	-0.03651109	0.1680118	-0.1305788	-0.002884099	-0.001455334	-0.001010178	-0.00152161	-0.00210922	-0.0007712736
119	0.06528148	-0.05521283	-0.1709523	-0.09656096	-0.05027851	0.1079774	-0.08511844	-0.535099	-0.1119244	-0.1337859	-0.1434401	-0.1454322	-0.0003640183	0.0005952456	0.0002911964	-6.193417E-05	7.085336E-05	-2.424174E-05	-0.1815418	0.1021787	0.02491748	-0.003640128	-0.006837404	-0.002647295	-0.0008618742	-0.001063015	-0.0003353664	-0.1792738	-0.1650636	-0.1242383	0.0001961382	-0.0002302792	0.0004115042	-6.193417E-05	7.085336E-05	-2.424174E-05	-0.04013593	0.1686123	-0.128589	-0.003069285	-0.0009413789	-0.0002602033	-0.0008618742	-0.001063015	-0.0003353664
123	0.0652537	-0.05530655	-0.1707568	-0.09653983	-0.05018139	0.1080191	-0.08550504	-0.5365823	-0.1126068	-0.1344658	-0.1429229	-0.1455696	-0.0004429912	0.0005757428	0.000184065	-6.619387E-05	4.826431E-05	-4.496415E-05	-0.1634976	0.1755642	0.05911136	0.001780955	0.01321831	0.006562998	0.0007088651	0.004216667	0.002051048	-0.1795837	-0.165045	-0.1244938	6.962504E-05	-0.0001680789	0.000244732	-6.619387E-05	4.826431E-05	-4.496415E-05	-0.03933446	0.1690216	-0.1282647	-0.002101595	-0.0006037116	-0.0001140603	0.0007088651	0.004216667	0.002051048
126	0.06564435	-0.05556262	-0.1708018	-0.09651309	-0.05004895	0.1080017	-0.08576691	-0.5375644	-0.1124716	-0.1346256	-0.1425666	-0.144912	-0.0003721711	0.0005208714	0.0003024384	-3.194036E-05	2.248037E-05	-4.129768E-06	-0.1557452	0.1351696	0.03265202	0.003273809	-0.0001849197	-0.001692586	0.0009048625	-0.0001883067	-0.0005256096	-0.179395	-0.1653966	-0.1239538	9.939585E-05	-0.0002139499	0.0003185535	-3.194036E-05	2.248037E-05	-4.129768E-06	-0.03989422	0.1691197	-0.1279382	-0.001716137	-0.0004282526	-3.916684E-06	0.0009048625	-0.0001883067	-0.0005256096
129	0.06587511	-0.05553776	-0.170843	-0.0964992	-0.05010039	0.1080062	-0.08587542	-0.5369679	-0.1123888	-0.1350257	-0.1424465	-0.1448461	-0.0003791598	0.0004206831	0.0002433095	-2.570245E-05	-8.186789E-06	-1.787955E-05	-0.163561	0.1752592	0.0544765	0.0005014013	0.009883723	0.004186681	-1.445512E-05	0.002375931	0.001075609	-0.1815343	-0.1489291	-0.1347933	-0.0004602595	0.003956412	-0.00247095	-2.570245E-05	-8.186789E-06	-1.787955E-05	-0.005649403	0.18325	-0.1200584	0.007274102	0.00321138	0.001966996	-1.445512E-05	0.002375931	0.001075609
133	0.06626639	-0.05614662	-0.1700835	-0.09648749	-0.05007195	0.107898	-0.08578771	-0.53725	-0.1116288	-0.1354591	-0.142334	-0.1447035	-0.0003927311	0.0003436345	0.0002181257	-2.266966E-05	-2.540223E-05	-1.970561E-05	-0.1562567	0.1336744	0.03521264	0.002202136	-0.002983409	-0.001675955	0.0004143423	-0.001434835	-0.000658952	-0.1806205	-0.1544192	-0.1299462	-0.0001167524	0.001594782	-0.0006414503	-2.266966E-05	-2.540223E-05	-1.970561E-05	-0.006425589	0.1880291	-0.1238675	0.00526153	0.003603314	0.0005229732	0.0004143423	-0.001434835	-0.000658952
136	0.06649745	-0.05606425	-0.1700889	-0.09646672	-0.05012241	0.1079206	-0.08595559	-0.5366709	-0.1116526	-0.1360407	-0.1421641	-0.144617	-0.0004399464	0.0003002091	0.0001852307	-2.880608E-05	-2.990803E-05	-2.300295E-05	-0.1567786	0.1330103	0.03537095	0.001521127	-0.002403578	-0.001217389	0.0001405046	-0.0009311685	-0.0003795724	-0.1809496	-0.1563292	-0.1286333	-0.0001698485	0.0007185971	-0.0001528449	-2.880608E-05	-2.990803E-05	-2.300295E-05	-0.007514343	0.1873145	-0.1239928	0.00367396	0.002523839	0.0003609077	0.0001405046	-0.0009311685	-0.0003795724
139	0.06652218	-0.05613163	-0.1701102	-0.09644136	-0.05014884	0.1079328	-0.08638901	-0.5360797	-0.1118	-0.1363534	-0.1416964	-0.1446874	-0.0004081313	0.0003420825	0.0001213099	-1.365078E-05	-1.196267E-05	-3.323242E-05	-0.1560517	0.1334583	0.03638959	0.001322584	-0.001690698	-0.000658381	5.574256E-05	-0.0005201563	-0.0001449273	-0.181541	-0.1572505	-0.1282661	-0.0002752357	0.0003086206	-2.284255E-05	-1.365078E-05	-1.196267E-05	-3.323242E-05	-0.006941766	0.1884249	-0.1243166	0.002898614	0.002170473	0.0001897376	5.574256E-05	-0.0005201563	-0.0001449273
143	0.06666344	-0.05618328	-0.1704347	-0.09639245	-0.05017099	0.1079657	-0.08686665	-0.5353476	-0.1121807	-0.1372001	-0.1411321	-0.1445414	-0.000517762	0.0003976387	0.0001274903	-3.764577E-05	4.91703E-06	-2.337922E-05	-0.154942	0.1344309	0.03708971	0.001269342	-0.001024866	-0.0003187567	2.849637E-05	-0.0002236593	-2.37894E-05	-0.1799927	-0.1493723	-0.1299264	0.0001806458	0.002201019	-0.0004322187	-3.764577E-05	4.91703E-06	-2.337922E-05	0.04102586	0.2035954	-0.202782	0.01416587	0.005420476	-0.01947406	2.849637E-05	-0.0002236593	-2.37894E-05
146	0.06675762	-0.05622023	-0.170543	-0.09635362	-0.05018738	0.10796	-0.08703259	-0.5352883	-0.1121707	-0.1386591	-0.1401027	-0.1447699	-0.000753087	0.0005555869	3.848664E-05	-8.706558E-05	4.317484E-05	-3.978532E-05	-0.1622671	0.1295121	0.02622592	-0.0008792496	-0.001998353	-0.002955013	-0.0005157755	-0.0004111162	-0.000676906	-0.1815809	-0.1530721	-0.1276498	-0.0002615608	0.0007258118	0.0002450008	-8.706558E-05	4.317484E-05	-3.978532E-05	-0.007721633	0.1873386	-0.125941	-0.001562473	1.169741E-06	0.004604702	-0.0005157755	-0.0004111162	-0.000676906
150	0.06681639	-0.05631885	-0.1706189	-0.09633118	-0.05022916	0.107981	-0.08704954	-0.5348557	-0.1124027	-0.1391838	-0.1390402	-0.1447188	-0.0006959902	0.0006823146	4.165018E-05	-5.102498E-05	6.406304E-05	-2.904811E-05	-0.1594743	0.1311302	0.03161812	3.874552E-05	-0.001094239	-0.000868211	-0.0001573329	-8.230872E-05	1.402089E-05	-0.1904987	-0.1497172	-0.1323478	-0.002425615	0.001383074	-0.000990759	-5.102498E-05	6.406304E-05	-2.904811E-05	0.001767114	0.217764	-0.1268756	0.001200332	0.007607223	0.003219876	-0.0001573329	-8.230872E-05	1.402089E-05
153	0.06690776	-0.05633786	-0.1705925	-0.09628722	-0.05027017	0.1080186	-0.08726823	-0.5344976	-0.1129134	-0.1582239	-0.1395589	-0.1524031	-0.005282012	0.0003820511	-0.00188985	-0.001184774	-2.701858E-05	-0.0005046611	-0.1371319	0.1798467	0.0621798	0.00561467	0.01135846	0.006989263	0.001275982	0.003051442	0.001974884	-0.1926142	-0.1487409	-0.133076	-0.002348087	0.001281391	-0.0009251018	-0.001184774	-2.701858E-05	-0.0005046611	0.003377035	0.1927823	-0.120746	0.001302729	-0.0005399981	0.003947313	0.001275982	0.003051442	0.001974884
156	0.06671667	-0.05684707	-0.1701953	-0.09619695	-0.05033138	0.1081319	-0.08794734	-0.5340388	-0.1138036	-0.1538046	-0.1365686	-0.149842	-0.002856677	0.001034115	-0.0007771143	-0.000282247	0.000142752	-0.0001003119	-0.1417545	0.1770179	0.05982947	0.003055358	0.007811626	0.004654365	0.0003171581	0.001401874	0.0008974384	-0.1960161	-0.1299432	-0.1437438	-0.002611545	0.005660467	-0.003360777	-0.000282247	0.000142752	-0.0001003119	0.05808236	0.2489634	-0.1319997	0.01465338	0.01364026	0.0001470561	0.0003171581	0.001401874	0.0008974384
159	0.06677878	-0.0570049	-0.170145	-0.09616011	-0.05034575	0.108151	-0.08816043	-0.5339319	-0.1139536	-0.1519463	-0.1352816	-0.1492616	-0.001677949	0.001097332	-0.0004377282	8.299676E-05	0.0001228683	9.612559E-06	-0.1424554	0.1739847	0.05847454	0.002116277	0.00510043	0.00315204	3.09835E-06	0.0003736065	0.0002974977	-0.192464	-0.1427317	-0.134774	-0.001070624	0.001048228	-0.0002781367	8.299676E-05	0.0001228683	9.612559E-06	0.03910476	0.2592019	-0.1174608	0.006245634	0.01278982	0.003745013	3.09835E-06	0.0003736065	0.0002974977
163	0.06670728	-0.0573771	-0.1702309	-0.0960764	-0.05036831	0.1081929	-0.08844817	-0.533882	-0.1141248	-0.1496009	-0.1335213	-0.1483382	-0.0006721088	0.001263075	-9.74474E-05	0.0003137077	0.000133587	9.227963E-05	-0.1467338	0.1411013	0.04225409	0.000517606	-0.004395522	-0.001691082	-0.0003973439	-0.002093783	-0.0009876573	-0.1734304	-0.1431188	-0.1228981	0.00395542	0.0006893841	0.002760364	0.0003137077	0.000133587	9.227963E-05	0.02260087	0.2574384	-0.1262106	0.0005582538	0.009151505	0.0006213291	-0.0003973439	-0.002093783	-0.0009876573
166	0.06653166	-0.05738178	-0.1700797	-0.09598204	-0.05041534	0.108212	-0.08889937	-0.5336753	-0.1141489	-0.137161	-0.1352994	-0.1460847	0.002605895	0.0005027935	0.0004902976	0.001054782	-8.988015E-05	0.000216146	-0.1530613	0.1363406	0.03751779	-0.001193669	-0.004486823	-0.002452388	-0.0007258268	-0.001593163	-0.0009310694	-0.1746878	-0.1449545	-0.1216269	0.00265221	5.810463E-05	0.002388085	0.001054782	-8.988015E-05	0.000216146	0.006067544	0.2628099	-0.1157196	-0.003714642	0.008206492	0.00308875	-0.0007258268	-0.001593163	-0.0009310694
170	0.06662679	-0.05781269	-0.1702939	-0.09591094	-0.0504328	0.1082084	-0.08919635	-0.5336846	-0.1140118	-0.1382787	-0.1340698	-0.1455002	0.001675002	0.0006844762	0.000513844	0.0005583631	-2.198943E-05	0.0001679961	-0.1484665	0.1501448	0.04295897	0.0002534637	8.592475E-05	-0.0004789938	-0.0001825869	-5.168503E-05	-0.0002049535	-0.1801714	-0.1474669	-0.1227643	0.0006182767	-0.0005845167	0.00150669	0.0005583631	-2.198943E-05	0.0001679961	0.03307156	0.2558378	-0.1271087	0.003965023	0.004411851	-0.0005307214	-0.0001825869	-5.168503E-05	-0.0002049535
173	0.06633952	-0.05812639	-0.1701169	-0.09577253	-0.05043417	0.1082385	-0.08980092	-0.5337608	-0.114018	-0.1391477	-0.1332632	-0.1456529	0.001039008	0.000715022	0.0003472062	0.0002597737	-8.855619E-06	8.433762E-05	-0.1646302	0.1269175	0.0249387	-0.003850847	-0.005742367	-0.004864313	-0.001163018	-0.001495837	-0.001250045	-0.1846115	-0.1493858	-0.1251516	-0.0006463135	-0.0009181155	0.0005331964	0.0002597737	-8.855619E-06	8.433762E-05	0.03590125	0.2564245	-0.1249349	0.003681189	0.003455575	0.0001454043	-0.001163018	-0.001495837	-0.001250045
176	0.06644398	-0.05847096	-0.1702032	-0.09569353	-0.05046797	0.1082749	-0.09015161	-0.5335568	-0.1141343	-0.1399864	-0.132395	-0.1455106	0.0005695815	0.0007533169	0.0002959886	7.747373E-05	2.931991E-06	5.044883E-05	-0.145965	0.160585	0.04799283	0.00177817	0.004110093	0.002115296	0.000534991	0.001341238	0.0008073684	-0.18604	-0.1502708	-0.1258321	-0.0008418675	-0.0009098279	0.0002297856	7.747373E-05	2.931991E-06	5.044883E-05	0.01067495	0.2646545	-0.1104897	-0.003545682	0.004649174	0.00372035	0.000534991	0.001341238	0.0008073684
179	0.06528196	-0.05944559	-0.1699913	-0.09525558	-0.05037642	0.1083159	-0.09178904	-0.533971	-0.1141295	-0.1343068	-0.131415	-0.1445975	0.001847066	0.0008099739	0.0004502475	0.0003774763	1.636326E-05	7.640132E-05	-0.1518822	0.1599943	0.04725635	-0.0001456775	0.002934903	0.001402353	-7.971871E-05	0.0007121306	0.0004272907	-0.1959795	-0.1484458	-0.1313293	-0.003116288	-0.0002261085	-0.001201965	0.0003774763	1.636326E-05	7.640132E-05	0.01869406	0.2656124	-0.1065567	-0.0006544855	0.00372635	0.00377353	-7.971871E-05	0.0007121306	0.0004272907
183	0.06502593	-0.06005144	-0.1703631	-0.09510317	-0.0503794	0.1083677	-0.09279552	-0.5339861	-0.1145966	-0.1366383	-0.1293558	-0.1445631	0.0008024329	0.001122282	0.0003462985	2.194906E-05	9.034947E-05	3.131375E-05	-0.1677591	0.1232656	0.02355862	-0.004078462	-0.006981004	-0.004872669	-0.001042985	-0.001944879	-0.001248287	-0.1962763	-0.1491163	-0.1310797	-0.002411413	-0.0003372194	-0.0008390677	2.194906E-05	9.034947E-05	3.131375E-05	0.04249844	0.256245	-0.1229838	0.005460231	0.0004529255	-0.001276642	-0.001042985	-0.001944879	-0.001248287
186	0.06486979	-0.0606024	-0.1705463	-0.09504667	-0.05040887	0.1084127	-0.09340721	-0.5339879	-0.1146293	-0.1301893	-0.1219099	-0.1399105	0.002214078	0.002703187	0.001422879	0.0003693731	0.0004629884	0.0002926304	-0.1595769	0.1509402	0.03916943	-0.001013301	0.001682908	0.0002482021	-1.594855E-05	0.000707319	0.0003440022	-0.1969413	-0.1495917	-0.1306822	-0.001974816	-0.0003717551	-0.0005299399	0.0003693731	0.0004629884	0.0002926304	0.01742125	0.2620671	-0.1161357	-0.002174125	0.001795202	0.0007545426	-1.594855E-05	0.000707319	0.0003440022
189	0.06435585	-0.06136733	-0.1707494	-0.09480342	-0.05038166	0.1085429	-0.09454343	-0.5341502	-0.1150718	-0.125487	-0.1215274	-0.1397108	0.002836134	0.00212303	0.001117078	0.0004325437	0.0002022019	0.0001430226	-0.1810154	0.1069401	0.01107371	-0.00611961	-0.009737845	-0.006837779	-0.001288539	-0.002324699	-0.001513494	-0.1982256	-0.1501023	-0.1304181	-0.001802183	-0.0004064857	-0.000331413	0.0004325437	0.0002022019	0.0001430226	0.01724185	0.2616923	-0.1170382	-0.001675443	0.001252711	0.0003402736	-0.001288539	-0.002324699	-0.001513494
193	0.06435263	-0.06171384	-0.1709367	-0.09468535	-0.05035377	0.108593	-0.09517601	-0.5343185	-0.1152136	-0.1372076	-0.1199641	-0.140934	-0.0008030492	0.001983089	0.0005320068	-0.0005853879	0.0001166662	-3.900085E-05	-0.1522028	0.1468997	0.03225696	0.002613458	0.002686501	0.0001674788	0.001216863	0.001362562	0.0006161942	-0.1959447	-0.1505646	-0.1260638	-0.0007813962	-0.0004204228	0.0008399999	-0.0005853879	0.0001166662	-3.900085E-05	0.01793538	0.2665399	-0.103889	-0.001083199	0.002151429	0.003542521	0.001216863	0.001362562	0.0006161942
196	0.06425709	-0.06302682	-0.1715186	-0.09429482	-0.0500361	0.1088183	-0.09694228	-0.5361812	-0.1163831	-0.1908612	-0.1339635	-0.1627135	-0.01401569	-0.00201253	-0.005045879	-0.003742202	-0.0009114051	-0.001423722	-0.1130168	0.2332927	0.07820809	0.01175659	0.02361312	0.01161339	0.00319843	0.006253577	0.003323624	-0.1938046	-0.1482626	-0.1217699	-5.103211E-05	0.0002601695	0.00170348	-0.003742202	-0.0009114051	-0.001423722	0.005810454	0.239806	-0.1423783	-0.003843631	-0.005069908	-0.006965445	0.00319843	0.006253577	0.003323624
200	0.06422424	-0.06359002	-0.1716752	-0.09415212	-0.04987118	0.1088715	-0.09852618	-0.5378442	-0.1173865	-0.1917763	-0.1328589	-0.1631154	-0.01074053	-0.001233249	-0.003884873	-0.001987861	-0.0004887336	-0.00077754	-0.1121312	0.2309372	0.07806933	0.009038828	0.01712098	0.008675354	0.001719382	0.003067148	0.001758208	-0.1819288	-0.1392929	-0.1127672	0.002930674	0.002437573	0.003528281	-0.001987861	-0.0004887336	-0.00077754	-0.005848765	0.2230342	-0.148669	-0.005797528	-0.007995372	-0.006796752	0.001719382	0.003067148	0.001758208
203	0.06379622	-0.06470647	-0.1719458	-0.09395209	-0.04972246	0.108933	-0.09960413	-0.5384655	-0.1175771	-0.1944133	-0.1298209	-0.1642325	-0.008714665	-0.0001654435	-0.003192932	-0.0009844289	-9.959869E-05	-0.0004101699	-0.1079901	0.227075	0.07689214	0.007814409	0.01187518	0.006212217	0.0009834318	0.000988909	0.0007028723	-0.2335979	-0.0603409	-0.1715751	-0.01071926	0.02156617	-0.01205575	-0.0009844289	-9.959869E-05	-0.0004101699	0.07705982	0.2554855	-0.08803356	0.016379	0.002116285	0.0100613	0.0009834318	0.000988909	0.0007028723
206	0.06329709	-0.06664273	-0.1726941	-0.09408188	-0.05020213	0.1088779	-0.09990847	-0.5338447	-0.1165243	-0.1928231	-0.1171583	-0.1654823	-0.006138436	0.003041572	-0.002707147	-9.42644E-05	0.000727055	-0.000186181	-0.1057948	0.2142343	0.07511902	0.006409628	0.00569621	0.004215883	0.0003863785	-0.0008030597	2.807064E-05	-0.2392654	-0.08709592	-0.1496546	-0.009456322	0.009485871	-0.003561703	-9.42644E-05	0.000727055	-0.000186181	0.07111955	0.2060294	-0.09216869	0.01079918	-0.01077681	0.00651219	0.0003863785	-0.0008030597	2.807064E-05
209	0.06288916	-0.07631508	-0.1739812	-0.09429809	-0.05039832	0.1085403	-0.09955537	-0.5345372	-0.1140304	-0.1962068	-0.1013572	-0.1648291	-0.005449765	0.006231447	-0.001867073	0.0001014693	0.00134276	7.038264E-05	-0.08281019	0.251603	0.08594012	0.01055337	0.01361433	0.005867188	0.001325719	0.001377235	0.0004338793	-0.2382457	-0.09457763	-0.1465383	-0.006837323	0.005243976	-0.001892185	0.0001014693	0.00134276	7.038264E-05	0.04965894	0.1845841	-0.09454918	0.002734235	-0.01344393	0.00428902	0.001325719	0.001377235	0.0004338793
213	0.06412509	-0.08823898	-0.1734858	-0.094735	-0.04393011	0.1085272	-0.09947476	-0.555961	-0.1163	-0.2034085	-0.08514051	-0.1674546	-0.00588775	0.008727763	-0.002056671	-3.339412E-05	0.001631149	5.387432E-06	-0.07726511	0.2405259	0.0894016	0.009301297	0.007441489	0.005265761	0.0006812715	-0.0005102837	0.0001750527	-0.2325934	-0.05489311	-0.1636937	-0.003714908	0.01385411	-0.005707991	-3.339412E-05	0.001631149	5.387432E-06	0.08284019	0.1615953	-0.1131936	0.01034599	-0.01583013	-0.001444348	0.0006812715	-0.0005102837	0.0001750527
216	0.06425643	-0.0880737	-0.1739222	-0.09463224	-0.04403949	0.1086009	-0.102097	-0.5654354	-0.1199574	-0.2112438	-0.06923802	-0.1663278	-0.006374629	0.01052144	-0.001260812	-0.0001467655	0.001671782	0.0002030054	-0.06580564	0.2258483	0.08717752	0.00984084	0.001911706	0.003393299	0.0006458394	-0.001765159	-0.0003368261	-0.2050886	-0.1244385	-0.1050324	0.004090023	-0.00699576	0.01038431	-0.0001467655	0.001671782	0.0002030054	-0.02224761	0.1669745	-0.1346954	-0.01851246	-0.01052782	-0.006458706	0.0006458394	-0.001765159	-0.0003368261
220	0.06482726	-0.08868787	-0.1744912	-0.0942843	-0.04458219	0.1087303	-0.1073274	-0.5571176	-0.1188765	-0.2028581	-0.05353701	-0.1630373	-0.00268455	0.01181634	-0.0001229754	0.0008124457	0.001577559	0.0004367132	-0.05499133	0.2225215	0.08467698	0.01008421	0.0006020673	0.001919841	0.0005452215	-0.001651279	-0.0006209841	-0.20808	-0.07396266	-0.1245961	0.002319665	0.007372135	0.002897315	0.0008124457	0.001577559	0.0004367132	0.03202499	0.1872816	-0.0967288	-0.0003161933	-0.002819072	0.004647623	0.0005452215	-0.001651279	-0.0006209841
223	0.06630638	-0.08957523	-0.1746191	-0.09369478	-0.04533273	0.108815	-0.1109276	-0.5536174	-0.116896	-0.1979943	-0.04251491	-0.1596667	-0.0007974477	0.01161778	0.0007504291	0.00108111	0.00113353	0.000545886	-0.03536385	0.1912974	0.066396	0.01247003	-0.007354456	-0.003130365	0.001005371	-0.00322759	-0.00172829	-0.2315323	-0.1347152	-0.1004789	-0.00412334	-0.00965903	0.008202294	0.00108111	0.00113353	0.000545886	0.04615411	0.2279579	-0.1066914	0.003295134	0.008054759	0.0009950774	0.001005371	-0.00322759	-0.00172829
226	0.06765443	-0.09095579	-0.1737752	-0.09343374	-0.04592869	0.108973	-0.1119007	-0.5523903	-0.1166989	-0.2087641	0.004896581	-0.1557608	-0.003290547	0.0205662	0.001539295	0.0001875575	0.003087254	0.0006066309	-0.02497041	0.1859451	0.07593501	0.01195088	-0.006853933	3.697816E-05	0.0006242415	-0.002295561	-0.0005043813	-0.2341502	-0.1309298	-0.1011844	-0.003746968	-0.006297914	0.00597535	0.0001875575	0.003087254	0.0006066309	0.0709953	0.2621587	-0.0887723	0.008681647	0.01459127	0.005226074	0.0006242415	-0.002295561	-0.0005043813
229	0.06939498	-0.09214127	-0.1740367	-0.093346	-0.0461885	0.1088941	-0.1124285	-0.5515634	-0.1167332	-0.2114997	0.01282588	-0.1562951	-0.003151814	0.01740698	0.001020897	0.0001753514	0.001525634	0.0003253738	-0.01801702	0.1857153	0.07776415	0.01070151	-0.005197879	0.0004850205	0.0001558379	-0.001307658	-0.0002662754	-0.2391395	-0.1116912	-0.1052985	-0.004057561	8.619344E-05	0.003452975	0.0001753514	0.001525634	0.0003253738	0.08326565	0.2608747	-0.07997251	0.009578822	0.01062246	0.006119503	0.0001558379	-0.001307658	-0.0002662754
233	0.07416993	-0.1128218	-0.1663023	-0.09224778	-0.04772425	0.1086762	-0.1162254	-0.5562079	-0.1120571	-0.2081634	0.03021097	-0.1586126	-0.001529768	0.01740151	0.0001862859	0.000537025	0.001142858	3.537751E-05	-0.147464	0.02835518	-0.1585453	-0.02433561	-0.04323845	-0.05871359	-0.008642402	-0.01049089	-0.01499936	-0.2402431	-0.1228014	-0.09443378	-0.003319066	-0.002712898	0.005305915	0.000537025	0.001142858	3.537751E-05	0.08617142	0.2597682	-0.08049273	0.007910559	0.007690227	0.00445957	-0.008642402	-0.01049089	-0.01499936
236	0.07012984	-0.1059969	-0.1592311	-0.09177378	-0.04889643	0.1119788	-0.1193476	-0.5492416	-0.1088464	-0.2003392	0.04685712	-0.1658887	0.0008087049	0.01721267	-0.0016793	0.000987387	0.0008099332	-0.0004398634	-0.1577031	0.06451106	-0.1349137	-0.02081149	-0.02338987	-0.0381273	-0.005600771	-0.002906019	-0.006102946	-0.2459263	-0.1026424	-0.09284854	-0.003910099	0.003005071	0.004375747	0.000987387	0.0008099332	-0.0004398634	0.06880547	0.258308	-0.07930112	0.001591432	0.005402606	0.003642582	-0.005600771	-0.002906019	-0.006102946
239	0.08157822	-0.05079705	-0.1304442	-0.1419684	-0.0516105	0.1225042	-0.1093079	-0.4925839	-0.08374453	-0.197702	0.05699331	-0.1693059	0.001265831	0.01544355	-0.002113788	0.0008548217	0.0001651699	-0.0004385196	-0.170443	0.03117341	-0.1315076	-0.0187936	-0.02587681	-0.02774396	-0.003696105	-0.002801251	-0.001981375	-0.2022982	-0.007466793	-0.0836525	0.007974438	0.02604771	0.005580821	0.0008548217	0.0001651699	-0.0004385196	0.1119145	0.2486055	-0.06090975	0.01197083	0.001626344	0.007329779	-0.003696105	-0.002801251	-0.001981375
243	0.07806832	-0.0534538	-0.1285772	-0.1421885	-0.05170217	0.1225715	-0.1095987	-0.4938698	-0.08509433	-0.1909146	0.06686503	-0.1741841	0.002646228	0.01405059	-0.002804882	0.0009862157	-0.0002243617	-0.0005016631	-0.1808635	0.009052545	-0.120152	-0.01670031	-0.02493783	-0.01796906	-0.002248757	-0.001866191	0.0009576933	-0.1965521	0.04034886	-0.08732557	0.007417371	0.0314897	0.003267347	0.0009862157	-0.0002243617	-0.0005016631	0.106134	0.2018558	-0.05679297	0.007533011	-0.01046767	0.006526527	-0.002248757	-0.001866191	0.0009576933
246	0.07668158	-0.05414039	-0.1271899	-0.1416714	-0.05149308	0.1223798	-0.1091949	-0.4960226	-0.08686924	-0.1855053	0.07591155	-0.1776098	0.003337003	0.01279957	-0.002960091	0.0009123556	-0.0004810253	-0.0004150496	-0.1828777	0.000413239	-0.1173711	-0.01302879	-0.0208632	-0.01278157	-0.000768687	-0.000380986	0.002015143	-0.1965345	0.04188174	-0.08645201	0.00556741	0.02400049	0.002668902	0.0009123556	-0.0004810253	-0.0004150496	0.1051062	0.2028156	-0.05582786	0.005392784	-0.007610821	0.005136175	-0.000768687	-0.000380986	0.002015143
249	0.08505821	-0.03992379	-0.1238346	-0.1318794	-0.03676912	0.1252325	-0.09977576	-0.4824582	-0.08499146	-0.1810965	0.08395147	-0.1791792	0.003604939	0.01160966	-0.002612416	0.0007512507	-0.0006582473	-0.0002243684	-0.1847667	0.0323236	-0.1085413	-0.01024385	-0.007669808	-0.007378717	0.0001197201	0.003012608	0.00286207	-0.1966653	0.04376274	-0.08488226	0.004142857	0.01847062	0.002394113	0.0007512507	-0.0006582473	-0.0002243684	0.1017716	0.202949	-0.05390859	0.003210954	-0.005674745	0.004331949	0.0001197201	0.003012608	0.00286207
253	0.07226056	-0.05420858	-0.1188545	-0.1438386	-0.05080214	0.1301303	-0.1134026	-0.4979562	-0.08131278	-0.1801333	0.08731183	-0.1799504	0.002944515	0.009547336	-0.002152103	0.0003983318	-0.001009267	-5.319809E-05	-0.1857739	0.03004086	-0.1074257	-0.007934669	-0.006323041	-0.005255148	0.0006670844	0.002596148	0.002677445	-0.1970208	0.04601878	-0.08229852	0.003018287	0.01441697	0.00244152	0.0003983318	-0.001009267	-5.319809E-05	0.09951922	0.2038694	-0.05278802	0.001845115	-0.00402597	0.003529103	0.0006670844	0.002596148	0.002677445
256	0.05308813	-0.07383972	-0.1116797	-0.1570202	-0.07174543	0.1368828	-0.1286496	-0.5224877	-0.07421505	-0.1799606	0.0914073	-0.1785748	0.002251562	0.008184368	-0.001270188	0.0001255108	-0.001097692	0.0001805801	-0.1815823	0.01847002	-0.1176275	-0.004903115	-0.007634991	-0.006491814	0.001258202	0.001619123	0.001698917	-0.1987163	0.04530266	-0.07766008	0.001839841	0.0106337	0.002990749	0.0001255108	-0.001097692	0.0001805801	0.09500574	0.2008272	-0.05254626	0.0002554666	-0.003780033	0.002707267	0.001258202	0.001619123	0.001698917
259	0.06781927	-0.1170052	-0.133458	-0.1612473	-0.06572247	0.1373191	-0.1015722	-0.5686132	-0.08413482	-0.184026	0.0995152	-0.1620144	0.000672323	0.008165251	0.003187468	-0.0003006767	-0.000828048	0.001249849	-0.1360994	0.07004875	-0.1548855	0.007693397	0.007168439	-0.01418337	0.004092779	0.0049152	-0.0006487005	-0.196125	-0.004630446	-0.09914351	0.002027697	-0.004508002	-0.003127794	-0.0003006767	-0.000828048	0.001249849	0.1066879	0.1829159	-0.02885342	0.003112147	-0.007312838	0.007953661	0.004092779	0.0049152	-0.0006487005
263	0.0637674	-0.1192037	-0.1373823	-0.1626467	-0.06991434	0.1330068	-0.1046124	-0.5777588	-0.08591366	-0.2259627	0.1059423	-0.1525491	-0.009979932	0.007730708	0.004756905	-0.002888571	-0.0007296718	0.001329746	-0.1709661	0.04671729	-0.1249627	-0.002946636	-0.0004565362	-0.003156815	0.0004095766	0.001780156	0.002270113	-0.2004087	-0.01602247	-0.08714032	0.0004498414	-0.006229008	0.0006549505	-0.002888571	-0.0007296718	0.001329746	0.106218	0.2579862	-0.04974389	0.002216637	0.01328294	0.0007426273	0.0004095766	0.001780156	0.002270113
266	0.04580635	-0.1395389	-0.1847662	-0.166589	-0.06637928	0.1345909	-0.09363383	-0.6351717	-0.1189103	-0.2417033	0.085125	-0.1347618	-0.01142011	0.0005937116	0.008014513	-0.002526473	-0.002331503	0.001811712	-0.01286651	0.1977663	0.04574406	0.03731493	0.03741986	0.04030908	0.01037257	0.01080422	0.01256906	-0.1571394	-0.09761316	-0.1225629	0.01115472	-0.02506943	-0.008364428	-0.002526473	-0.002331503	0.001811712	0.07005451	0.2701243	-0.0496664	-0.007378403	0.01299672	0.000576342	0.01037257	0.01080422	0.01256906
269	0.04535744	-0.08028096	-0.1657985	-0.1689999	-0.07323843	0.1349819	-0.07761106	-0.5791057	-0.1080673	-0.2510889	0.09465894	-0.1210921	-0.01091149	0.002828769	0.009428317	-0.0017677	-0.001189863	0.001712235	-0.08332184	0.2048694	-0.007914066	0.01037236	0.02984067	0.01681728	0.001043789	0.006208364	0.003553843	-0.188251	-0.02496576	-0.1124454	0.0005881349	-0.0006402209	-0.003743938	-0.0017677	-0.001189863	0.001712235	0.1084652	0.2585357	-0.03788328	0.00406886	0.006850397	0.003378037	0.001043789	0.006208364	0.003553843
273	0.02823162	-0.06802177	-0.1616206	-0.1690658	-0.07458401	0.1344335	-0.06938809	-0.5456898	-0.1075482	-0.247327	0.1200675	-0.1015784	-0.00724312	0.008473719	0.01194967	-0.0004086822	0.00051884	0.001914514	-0.1571661	0.1486019	-0.03916252	-0.0106818	0.008313634	0.004800844	-0.004480699	-0.0007254854	-0.0003387255	-0.1912041	-0.02241755	-0.1071856	-0.0002971694	0.0001568887	-0.001493016	-0.0004086822	0.00051884	0.001914514	0.1209871	0.1647401	0.02291012	0.00618212	-0.01831109	0.01773188	-0.004480699	-0.0007254854	-0.0003387255
276	0.0235661	-0.06206268	-0.1575963	-0.1689965	-0.07504925	0.1339104	-0.06807601	-0.5547503	-0.1068776	-0.2373431	0.1409389	-0.09675765	-0.002936366	0.01157315	0.01016743	0.0007701769	0.001163987	0.0009903254	-0.2444113	0.1307236	-0.07207274	-0.02982264	0.001765644	-0.004626924	-0.008145735	-0.002181111	-0.002610986	-0.1963994	-0.02011302	-0.09618735	-0.0015217	0.0006937976	0.001629801	0.0007701769	0.001163987	0.0009903254	0.1201242	0.1680881	0.007309914	0.004420879	-0.01289632	0.009398858	-0.008145735	-0.002181111	-0.002610986
279	0.0196391	-0.06028	-0.153192	-0.1692779	-0.07661709	0.1334453	-0.0683735	-0.5479544	-0.1075039	-0.245467	0.1251836	-0.09907842	-0.004233254	0.004741021	0.00704538	0.0002534107	-0.000835041	-3.77681E-05	-0.2615681	0.09545147	-0.06813037	-0.02665617	-0.007493805	-0.002484601	-0.005317683	-0.003950696	-0.001422659	-0.2005486	-0.01615193	-0.08623838	-0.002178597	0.00151062	0.003709593	0.0002534107	-0.000835041	-3.77681E-05	0.1148796	0.1724425	-8.177757E-05	0.002004517	-0.008583638	0.005201221	-0.005317683	-0.003950696	-0.001422659
283	0.02515835	-0.1303195	-0.1882886	-0.1700321	-0.0674744	0.1397672	-0.05915031	-0.6206459	-0.1466408	-0.2625359	0.08636031	-0.09802485	-0.007442171	-0.006150053	0.005547428	-0.0006121713	-0.003349049	-0.0004028141	-0.2628796	0.08313292	-0.08057892	-0.02032001	-0.008699991	-0.004975588	-0.002404221	-0.003264568	-0.001689741	-0.1179964	-0.1431368	-0.121928	0.01900412	-0.03061324	-0.006140204	-0.0006121713	-0.003349049	-0.0004028141	0.03790119	0.2037541	0.000159502	-0.01774123	0.001390172	0.003961235	-0.002404221	-0.003264568	-0.001689741
286	0.02296439	-0.1286876	-0.1873095	-0.1705376	-0.06766766	0.1398456	-0.05731556	-0.6203082	-0.1470994	-0.2654476	0.07734871	-0.09786141	-0.006309543	-0.006865439	0.00420143	-0.0001759713	-0.002690634	-0.00063861	-0.267662	0.06646082	-0.08078015	-0.01643562	-0.01069302	-0.003781997	-0.0008320695	-0.002946683	-0.000968908	-0.1117827	-0.1532293	-0.1145246	0.01580652	-0.02548308	-0.002754309	-0.0001759713	-0.002690634	-0.00063861	0.05328132	0.1966036	0.02685905	-0.009460887	-0.0007450148	0.009645812	-0.0008320695	-0.002946683	-0.000968908
289	0.02180785	-0.1279104	-0.1878177	-0.171713	-0.06757176	0.1402972	-0.05237448	-0.6229099	-0.1505401	-0.2674017	0.07232776	-0.09613657	-0.005220684	-0.006404316	0.003582282	0.0001402361	-0.001902695	-0.0006337444	-0.2699498	0.05608317	-0.08123565	-0.01289865	-0.01061418	-0.002950373	0.0002601902	-0.002190301	-0.0005187748	-0.1060938	-0.1606747	-0.1089036	0.01327711	-0.02097365	-0.0006604928	0.0001402361	-0.001902695	-0.0006337444	0.03426836	0.2011853	0.02529049	-0.0118489	0.0005866875	0.00684222	0.0002601902	-0.002190301	-0.0005187748
293	0.01910922	-0.127638	-0.1879865	-0.1723496	-0.06781554	0.1408501	-0.04606846	-0.6176588	-0.1620696	-0.2724931	0.06236893	-0.08747613	-0.005188363	-0.007292945	0.004851821	0.0001132575	-0.001649178	-0.0001579236	-0.2666812	0.06156725	-0.0883472	-0.00885684	-0.006589613	-0.003990667	0.001205596	-0.0006365855	-0.0006491547	-0.1031561	-0.1664762	-0.101943	0.01069225	-0.0171806	0.001244788	0.0001132575	-0.001649178	-0.0001579236	-0.001616463	0.2045939	0.02348018	-0.01785788	0.001292165	0.004679087	0.001205596	-0.0006365855	-0.0006491547
296	0.01229951	-0.1264859	-0.1882668	-0.1725078	-0.06811708	0.1411736	-0.04451469	-0.6159546	-0.1638342	-0.2732484	0.06329602	-0.08352506	-0.0040801	-0.005237937	0.004626634	0.0003620089	-0.0007231315	-0.0001747395	-0.2659371	0.06092864	-0.09115005	-0.006456597	-0.005101861	-0.003693712	0.001504258	-0.000105501	-0.0004126274	-0.09981593	-0.1703114	-0.09839296	0.008854231	-0.01384425	0.001821104	0.0003620089	-0.0007231315	-0.0001747395	0.04695146	0.1973663	0.0311954	-0.001251433	-0.0008377951	0.005438122	0.001504258	-0.000105501	-0.0004126274
299	0.01091126	-0.124709	-0.1872483	-0.1726267	-0.06838334	0.1415372	-0.04167196	-0.6131563	-0.1688811	-0.2724668	0.06863308	-0.08100104	-0.00286469	-0.002594187	0.00410098	0.0005753589	0.0001185887	-0.0002624681	-0.2656803	0.05854857	-0.08733201	-0.004778261	-0.004421414	-0.001815775	0.001547777	9.098588E-05	0.0001600137	-0.09818405	-0.1724047	-0.09596443	0.007048645	-0.01090651	0.001972961	0.0005753589	0.0001185887	-0.0002624681	0.04609863	0.1982143	0.02823901	-0.001151781	-0.0004163363	0.003339494	0.001547777	9.098588E-05	0.0001600137
303	0.00783968	-0.1219641	-0.1865355	-0.1726732	-0.0689564	0.1416645	-0.04099652	-0.6096802	-0.1689299	-0.2722564	0.07029164	-0.07975423	-0.002095902	-0.001531001	0.003387437	0.0006237163	0.0003547381	-0.0003752367	-0.2620998	0.06552759	-0.0794605	-0.002688568	-0.001571306	0.0006060456	0.001683256	0.0007807664	0.0007254655	-0.09747463	-0.1740206	-0.09328079	0.005463837	-0.008583877	0.002150631	0.0006237163	0.0003547381	-0.0003752367	0.04644366	0.1984627	0.02660513	-0.0007775801	-0.0002501517	0.00209615	0.001683256	0.0007807664	0.0007254655
306	0.007221818	-0.1208135	-0.1827261	-0.172468	-0.07006785	0.1410186	-0.04228613	-0.6019828	-0.165906	-0.2719312	0.07243651	-0.0784049	-0.001490641	-0.0006120324	0.00287791	0.0006191026	0.0004957957	-0.0004088093	-0.2639537	0.0801371	-0.07690597	-0.002479912	0.0024739	0.001093168	0.001314606	0.001596876	0.0006658798	-0.1007457	-0.1753834	-0.08576512	0.003280117	-0.006778604	0.00349189	0.0006191026	0.0004957957	-0.0004088093	0.02454199	0.2050715	0.009614468	-0.006058602	0.001464579	-0.002675553	0.001314606	0.001596876	0.0006658798
309	0.007312804	-0.1199386	-0.1796679	-0.1724108	-0.07012156	0.1413128	-0.04200655	-0.6021014	-0.164513	-0.2709491	0.07648966	-0.07760715	-0.000872454	0.0005542621	0.00235787	0.0006188736	0.0006634204	-0.0004366171	-0.263632	0.08681557	-0.07070637	-0.00177949	0.00352504	0.002369776	0.00116106	0.001460442	0.0008185618	-0.101886	-0.1767618	-0.08057594	0.002175014	-0.005428557	0.003916213	0.0006188736	0.0006634204	-0.0004366171	0.02476326	0.2054539	0.005841732	-0.004488634	0.00119404	-0.002949849	0.00116106	0.001460442	0.0008185618
313	0.007543147	-0.1200689	-0.1769397	-0.1723372	-0.07076618	0.1409755	-0.04238427	-0.5990782	-0.1625901	-0.269906	0.07958329	-0.07808721	-0.0003935627	0.001189104	0.001648388	0.000583878	0.0006562758	-0.0005048332	-0.2637029	0.08762428	-0.06914318	-0.001352357	0.002845959	0.00216813	0.0009775782	0.0009255614	0.0005635098	-0.1041115	-0.17765	-0.07444882	0.00107487	-0.004293453	0.004468939	0.000583878	0.0006562758	-0.0005048332	0.02717407	0.2054344	0.002647877	-0.002763772	0.0008906646	-0.00301085	0.0009775782	0.0009255614	0.0005635098
316	0.008228511	-0.1209455	-0.1753207	-0.1717803	-0.07090792	0.1397238	-0.04887405	-0.6016549	-0.1548097	-0.2688389	0.08158326	-0.07998765	-2.8404E-05	0.001391822	0.0007611827	0.0005291982	0.0005428862	-0.0006004263	-0.262323	0.09397647	-0.06501925	-0.0006692762	0.003722516	0.002657079	0.0009039539	0.0009133102	0.0005448696	-0.1068269	-0.1785071	-0.06657624	0.0001273038	-0.003434361	0.00531985	0.0005291982	0.0005428862	-0.0006004263	0.02651028	0.2058685	-0.002268791	-0.002238776	0.0007765013	-0.003487305	0.0009039539	0.0009133102	0.0005448696
320	0.009026378	-0.1215945	-0.1753523	-0.1714431	-0.07073495	0.1392734	-0.05177248	-0.6047287	-0.1503983	-0.2682245	0.08373034	-0.07975161	0.0001323131	0.001580636	0.0006298957	0.0004370779	0.0004543682	-0.0004831415	-0.2330678	0.08534271	-0.05516469	0.006811834	0.0006334463	0.004456448	0.002548243	-8.728477E-05	0.0008584945	-0.1102643	-0.1783498	-0.0593462	-0.0007638722	-0.002536465	0.005797398	0.0004370779	0.0004543682	-0.0004831415	0.02364092	0.2064671	-0.007961035	-0.002396424	0.0007320395	-0.00403854	0.002548243	-8.728477E-05	0.0008584945
323	0.01254582	-0.1253182	-0.1776519	-0.1711837	-0.07034954	0.1389103	-0.05359128	-0.6089382	-0.1461999	-0.2684408	0.07946277	-0.08449602	4.514359E-05	0.0001185834	-0.0007136809	0.0003060161	-2.473692E-05	-0.0006982503	-0.2344309	0.09501043	-0.04549778	0.00476809	0.002892016	0.005759066	0.001400246	0.0004991788	0.0009695254	-0.113728	-0.1781718	-0.05023074	-0.001438822	-0.001857832	0.006626913	0.0003060161	-2.473692E-05	-0.0006982503	0.01543945	0.2072805	-0.01873827	-0.003847684	0.0007523783	-0.005723214	0.001400246	0.0004991788	0.0009695254
326	0.01291862	-0.1199616	-0.1736765	-0.1711644	-0.07004106	0.1385548	-0.05304375	-0.6078032	-0.1424241	-0.2693374	0.06904566	-0.09220147	-0.0001902856	-0.002515338	-0.002461623	0.0001706548	-0.0006770332	-0.0009606733	-0.2300133	0.1037626	-0.03559768	0.004680485	0.004357054	0.006794323	0.001028284	0.0007406436	0.0009859583	-0.1166676	-0.1787387	-0.0325501	-0.001814027	-0.001535099	0.009390347	0.0001706548	-0.0006770332	-0.0009606733	0.01394418	0.2074047	-0.007337809	-0.003259581	0.0005953228	-0.001442295	0.001028284	0.0007406436	0.0009859583
329	0.01779556	-0.05449483	-0.1469426	-0.1719262	-0.0749675	0.1354573	-0.04955649	-0.5561826	-0.1166379	-0.2664652	0.02499816	-0.1235013	0.0005753281	-0.01289838	-0.009671175	0.0003193945	-0.003103535	-0.002522893	-0.2335452	0.1125824	-0.02971995	0.00262737	0.005472752	0.006565175	0.0002579338	0.0008344073	0.0006821819	-0.15575	-0.1205706	0.06262231	-0.0111311	0.01339068	0.03083586	0.0003193945	-0.003103535	-0.002522893	0.0520782	0.1859211	-0.09003782	0.00708882	-0.004924408	-0.02175673	0.0002579338	0.0008344073	0.0006821819
333	0.02324539	-0.08727369	-0.1652362	-0.1705514	-0.06999606	0.1388655	-0.05277663	-0.5832623	-0.1294609	-0.2631838	-0.003450662	-0.1340969	0.001251865	-0.01678599	-0.009902271	0.00040868	-0.003299554	-0.001949944	-0.2455538	0.1418647	-0.007972717	-0.001031617	0.01142514	0.01036069	-0.0007212964	0.002113902	0.001460515	-0.1049967	-0.1826474	0.01766467	0.004340004	-0.005476168	0.01188749	0.00040868	-0.003299554	-0.001949944	-0.09360094	0.1843983	-0.0411036	-0.03110317	-0.004073986	-0.004083989	-0.0007212964	0.002113902	0.001460515
336	0.03004849	-0.08952326	-0.16956	-0.1705793	-0.07075724	0.1387222	-0.05307657	-0.5831844	-0.129938	-0.2551752	-0.04010919	-0.1445615	0.002941033	-0.02175412	-0.01004287	0.0007288022	-0.003716699	-0.001497608	-0.2201228	0.1209157	-0.006090283	0.005584046	0.003331589	0.008241126	0.001112944	-0.000437961	0.0005654953	-0.07849114	-0.194949	0.01994109	0.009881382	-0.007182536	0.00948472	0.0007288022	-0.003716699	-0.001497608	-0.1068657	0.1730166	-0.06060147	-0.02664357	-0.005900922	-0.007937459	0.001112944	-0.000437961	0.0005654953
339	0.03158122	-0.08349228	-0.1746305	-0.1699166	-0.0708828	0.1372612	-0.06119835	-0.6022524	-0.1197513	-0.2395449	-0.0820197	-0.1543647	0.006113351	-0.02679322	-0.009982947	0.001339681	-0.004047298	-0.001108225	-0.208108	0.102557	0.001270175	0.007191725	-0.002090967	0.00802096	0.001236627	-0.00168411	0.0003690799	-0.07017419	-0.200178	0.01579428	0.009490274	-0.00669414	0.006076837	0.001339681	-0.004047298	-0.001108225	-0.1239278	0.1628545	-0.05598617	-0.02424821	-0.006966224	-0.004799268	0.001236627	-0.00168411	0.0003690799
343	0.03243697	-0.06964955	-0.1794348	-0.1700491	-0.06671891	0.1359248	-0.0641712	-0.641494	-0.1158451	-0.2047364	-0.1388096	-0.1642842	0.01328716	-0.0342924	-0.009967091	0.002798212	-0.004910268	-0.0008272047	-0.2405005	0.1294178	0.01517689	-0.002704317	0.005146968	0.009492399	-0.00154654	0.0005464016	0.0006446698	-0.07371493	-0.2023299	0.01624775	0.006232521	-0.005558593	0.004670996	0.002798212	-0.004910268	-0.0008272047	-0.1416072	0.1551063	-0.05143356	-0.02260599	-0.007161718	-0.0024613	-0.00154654	0.0005464016	0.0006446698
346	0.03410232	-0.06966841	-0.1807224	-0.1692735	-0.0720633	0.134238	-0.06878918	-0.5746995	-0.09502816	-0.1591423	-0.1830816	-0.1626533	0.02136387	-0.03678728	-0.007067593	0.004117837	-0.004306421	0.0001044712	-0.2531439	0.09058475	0.0003889799	-0.005189091	-0.005848041	0.003422321	-0.001781098	-0.002338951	-0.001034017	-0.1224965	-0.2143888	0.01511598	-0.007520992	-0.007183665	0.003220303	0.004117837	-0.004306421	0.0001044712	-0.1563073	0.1317556	-0.05802751	-0.02062952	-0.01120896	-0.003494461	-0.001781098	-0.002338951	-0.001034017
349	0.0345591	-0.07036418	-0.180442	-0.09763366	-0.1457547	0.1341136	-0.06893992	-0.5743986	-0.09673166	-0.08643481	-0.2081526	-0.1505935	0.03419979	-0.03385821	-0.002285743	0.006297357	-0.002497549	0.001273816	-0.2116538	0.00624305	-0.02830517	0.006480709	-0.02547146	-0.004606797	0.001581626	-0.006660067	-0.002782792	-0.133392	-0.2000128	0.02875304	-0.008364635	-0.001793757	0.005824494	0.006297357	-0.002497549	0.001273816	-0.2158205	0.1013653	-0.07124186	-0.03035044	-0.01600431	-0.005924433	0.001581626	-0.006660067	-0.002782792
353	0.03403279	-0.06627238	-0.1781437	-0.09820661	-0.1417913	0.135438	-0.06693226	-0.5758818	-0.09840357	-0.03824249	-0.234057	-0.1297981	0.03769792	-0.03186976	0.003484559	0.005597551	-0.001376049	0.002397937	-0.1934731	-0.0623976	-0.07277012	0.009405702	-0.03626376	-0.01457133	0.001917468	-0.007693125	-0.004578229	-0.1252463	-0.1715375	0.00411129	-0.004237042	0.005773504	-0.001792068	0.005597551	-0.001376049	0.002397937	-0.2783567	0.01709941	-0.06691813	-0.03839688	-0.03306969	-0.003362394	0.001917468	-0.007693125	-0.004578229
356	0.03368863	-0.06460336	-0.1747549	-0.09881848	-0.139363	0.1361406	-0.06520745	-0.5745916	-0.1001241	0.00387308	-0.2317282	-0.1194119	0.03880233	-0.02332012	0.005209947	0.004474267	0.001105374	0.0022298	-0.1878554	-0.1041486	-0.07434881	0.008458693	-0.03763558	-0.01132317	0.001201348	-0.0061128	-0.002621631	-0.06442556	-0.1988437	0.02244258	0.0120274	-0.002496422	0.003238772	0.004474267	0.001105374	0.0022298	-0.2731413	-0.05513833	-0.06940794	-0.0274938	-0.0428617	-0.003144247	0.001201348	-0.0061128	-0.002621631
359	0.03516743	-0.06337479	-0.1712672	-0.0991891	-0.1134305	0.1209364	-0.06169066	-0.5739532	-0.09949136	0.01403904	-0.2302735	-0.1190021	0.03164324	-0.01712641	0.004009921	0.001565927	0.002377457	0.001372343	-0.1172548	-0.1644904	-0.07499909	0.02399419	-0.04331212	-0.008654951	0.004784884	-0.006003735	-0.001299168	-0.06959423	-0.2517968	0.03085136	0.007728381	-0.01511058	0.004531275	0.001565927	0.002377457	0.001372343	-0.176735	-0.1113343	-0.0381484	0.003481224	-0.04619527	0.005456699	0.004784884	-0.006003735	-0.001299168
363	0.04114616	-0.06684938	-0.167969	-0.100797	-0.1122706	0.1185777	-0.06282246	-0.5675031	-0.09969079	0.0260638	-0.2330257	-0.1155356	0.02673862	-0.01353288	0.003874062	-5.170971E-05	0.002681476	0.0009952929	-0.09082586	-0.1839096	-0.07299638	0.02460287	-0.0373389	-0.005990534	0.003740834	-0.003009497	-0.0003082716	-0.05780154	-0.2444994	0.03040266	0.008744458	-0.009508585	0.00328628	-5.170971E-05	0.002681476	0.0009952929	-0.2063184	-0.1905914	-0.05587983	-0.004784938	-0.05446073	-0.0003403327	0.003740834	-0.003009497	-0.0003082716
366	0.04556215	-0.06656584	-0.1648846	-0.1034553	-0.1107919	0.1178315	-0.07139027	-0.5673424	-0.09634936	0.04411411	-0.2515256	-0.1132725	0.02456654	-0.01477464	0.003471314	-0.0005818015	0.001700668	0.0006457827	-0.07765281	-0.2580173	-0.1032374	0.02174541	-0.0465311	-0.01205315	0.002091261	-0.004555171	-0.001746858	-0.0502339	-0.2508293	0.02718782	0.008450255	-0.008713912	0.001661001	-0.0005818015	0.001700668	0.0006457827	-0.1181348	-0.2021644	-0.04857016	0.01845719	-0.04373879	0.001572169	0.002091261	-0.004555171	-0.001746858
369	0.05006078	-0.0657326	-0.1618612	-0.1127826	-0.1150167	0.1203191	-0.05466616	-0.5862359	-0.1060122	0.05902669	-0.2660989	-0.1067492	0.02215305	-0.0147243	0.004234328	-0.001039724	0.001288086	0.0006750905	-0.02531505	-0.2688536	-0.1003516	0.0293935	-0.0376074	-0.00831841	0.003480468	-0.001185454	-0.000376458	-0.03892136	-0.2822161	0.0175662	0.009165827	-0.01438214	-0.001159654	-0.001039724	0.001288086	0.0006750905	-0.0945937	-0.2104578	-0.04188156	0.01972817	-0.03487743	0.002851276	0.003480468	-0.001185454	-0.000376458
373	0.05413088	-0.06592321	-0.1594479	-0.1155884	-0.1164827	0.1142001	-0.05493215	-0.5836177	-0.1033796	0.07040358	-0.2649564	-0.1012852	0.01945901	-0.01075758	0.004541735	-0.001453303	0.001957743	0.0005831696	0.03060961	-0.2698361	-0.09335732	0.03602629	-0.02845118	-0.004490246	0.004268548	0.001399964	0.0006746975	-0.03529581	-0.2824751	0.01885557	0.007780756	-0.01085136	-0.0005473987	-0.001453303	0.001957743	0.0005831696	-0.06652789	-0.2686043	-0.04597902	0.02181258	-0.04069471	0.001114091	0.004268548	0.001399964	0.0006746975
376	0.05857262	-0.06512025	-0.1576362	-0.1155415	-0.1125704	0.1115983	-0.05699053	-0.5799142	-0.09901905	0.09202135	-0.2623851	-0.08625162	0.0199987	-0.007425372	0.007164702	-0.000955055	0.00230136	0.001093119	0.05959976	-0.2658401	-0.08889306	0.03426725	-0.02033937	-0.002251617	0.002761653	0.003077924	0.00106568	-0.03397229	-0.2827619	0.01806259	0.006166447	-0.008210223	-0.000608794	-0.000955055	0.00230136	0.001093119	-0.02976832	-0.2799933	-0.0423193	0.02554933	-0.03336828	0.0017505	0.002761653	0.003077924	0.00106568
379	0.06306955	-0.06483969	-0.1553583	-0.1146687	-0.1092695	0.1118608	-0.0579488	-0.5769424	-0.09654903	0.1106932	-0.2573372	-0.07580054	0.01966699	-0.004307065	0.007986296	-0.0007992181	0.002505596	0.001025238	0.07673931	-0.2633142	-0.08106339	0.02998533	-0.01462307	0.0002687036	0.001000758	0.003737519	0.00142934	-0.02278674	-0.2488857	-0.02448058	0.007421224	0.002311393	-0.01109239	-0.0007992181	0.002505596	0.001025238	-0.0315914	-0.2484962	-0.01110339	0.01870622	-0.01715193	0.009116852	0.001000758	0.003737519	0.00142934
383	0.06639922	-0.06427962	-0.1531587	-0.1140424	-0.1080668	0.1123033	-0.05814362	-0.5744976	-0.09516704	0.1267902	-0.2510954	-0.06831491	0.01877448	-0.001669834	0.007861129	-0.0008225412	0.002538505	0.0007376366	0.07886797	-0.2627997	-0.08042777	0.02302116	-0.01083866	0.0003604337	-0.000990473	0.003749242	0.001094938	-0.03381288	-0.2109103	0.01160669	0.002809382	0.01122739	0.0007025264	-0.0008225412	0.002538505	0.0007376366	-0.02863967	-0.2810704	-0.03698754	0.0147676	-0.02100752	0.0003666012	-0.000990473	0.003749242	0.001094938
386	0.07097611	-0.06177187	-0.1506517	-0.1124433	-0.1070199	0.1122413	-0.05648565	-0.5727091	-0.09472203	0.134564	-0.2467156	-0.06175971	0.01602431	-0.000157431	0.007534646	-0.001304449	0.00228198	0.0004716068	0.09028482	-0.259337	-0.0788331	0.02012008	-0.007263335	0.0006689909	-0.001468124	0.003705763	0.0008983428	-0.03348631	-0.2106647	0.01251864	0.00218868	0.008481955	0.0007548826	-0.001304449	0.00228198	0.0004716068	-0.02863896	-0.2810737	-0.03698683	0.01107588	-0.01575646	0.0002751297	-0.001468124	0.003705763	0.0008983428
389	0.07515094	-0.06052303	-0.1485927	-0.1109179	-0.1055947	0.1114843	-0.0550997	-0.5696242	-0.09361959	0.1377538	-0.2430746	-0.05819046	0.01281569	0.0007921903	0.006543296	-0.001780492	0.00194889	0.0001058676	0.09033835	-0.2586755	-0.08126724	0.01510344	-0.005282128	-0.0001067905	-0.002355253	0.003274624	0.0004798117	-0.03305098	-0.2106902	0.01339078	0.001750341	0.00635507	0.0007841957	-0.001780492	0.00194889	0.0001058676	-0.02863964	-0.2810766	-0.03698564	0.008306738	-0.01181806	0.0002066453	-0.002355253	0.003274624	0.0004798117
393	0.07753983	-0.0595305	-0.1473042	-0.1101392	-0.1043845	0.1111431	-0.05443555	-0.5685283	-0.09333825	0.1377877	-0.2420471	-0.05709887	0.009620239	0.000850994	0.005180372	-0.002134232	0.001476368	-0.0002613305	0.08982944	-0.2583257	-0.08322132	0.01120036	-0.003874134	-0.0005686125	-0.002742212	0.002807966	0.0002444033	-0.03244469	-0.2100141	0.01462102	0.00146433	0.00493533	0.0008957068	-0.002134232	0.001476368	-0.0002613305	-0.02864163	-0.2810802	-0.03698349	0.006229558	-0.008864456	0.0001555204	-0.002742212	0.002807966	0.0002444033
396	0.0795278	-0.05862111	-0.1466048	-0.1094835	-0.1034198	0.1108057	-0.05335742	-0.5676824	-0.09305131	0.1368246	-0.242528	-0.05790889	0.006974414	0.0005180415	0.003682772	-0.00226213	0.001024038	-0.0005703978	0.08917028	-0.2583768	-0.08388007	0.008235476	-0.002918371	-0.000591147	-0.002797879	0.002344916	0.0001776688	-0.03216439	-0.2097529	0.01531076	0.00116832	0.003766813	0.0008442163	-0.00226213	0.001024038	-0.0005703978	-0.02864145	-0.2810808	-0.03698254	0.004672213	-0.006648469	0.0001168787	-0.002797879	0.002344916	0.0001776688
399	0.08150586	-0.05768931	-0.1465147	-0.107808	-0.1012416	0.1114955	-0.05216712	-0.5667274	-0.09221828	0.1347141	-0.2433438	-0.05899358	0.004703175	0.0001845641	0.002490908	-0.002264407	0.0006846593	-0.0007257644	0.07489401	-0.2610246	-0.09097958	0.00260754	-0.002850725	-0.002218238	-0.003505393	0.001775598	-0.000273521	-0.03133085	-0.2093096	0.01675558	0.001084625	0.002935926	0.0009943664	-0.002264407	0.0006846593	-0.0007257644	-0.0286482	-0.2810838	-0.03697896	0.003502473	-0.004987111	8.855312E-05	-0.003505393	0.001775598	-0.000273521
