4386	0.1579273	-0.06204364	0.1272686	-0.07744168	-0.06680493	-0.1448028	0.05794938	-0.5376214	-0.07739067	0.2165512	0.03750031	0.02215028	0.0001631643	0.001383642	0.0002766938	5.639923E-05	-0.001173474	-0.0008691255	-0.2002463	0.117174	0.001059771	-0.003785648	-0.002562642	-0.003168946	0.001504114	0.001742258	-0.00019945	-0.01244685	-0.2394327	-0.1176791	0.001779011	0.001568311	-0.000291043	5.639923E-05	-0.001173474	-0.0008691255	0.09944203	-0.2277742	-0.0930829	0.005367377	-0.0006908485	-0.0004554233	0.001504114	0.001742258	-0.00019945
4390	0.1576022	-0.05976237	0.1278391	-0.07593644	-0.067825	-0.1452491	0.05204256	-0.5369482	-0.07851696	0.2153172	0.04411605	0.02194619	-0.000186133	0.002691668	0.0001564988	-4.502489E-05	-0.000553099	-0.0006818929	-0.1970324	0.1085449	0.0006580353	-0.002035758	-0.004079256	-0.002477143	0.001565558	0.0009275395	2.336316E-05	-0.01081224	-0.2366786	-0.117156	0.001742911	0.001864763	-8.750967E-05	-4.502489E-05	-0.000553099	-0.0006818929	0.1392477	-0.2536515	-0.1014204	0.01397695	-0.006987453	-0.002425942	0.001565558	0.0009275395	2.336316E-05
4393	0.1583804	-0.05808128	0.128926	-0.07526866	-0.06850909	-0.1442237	0.05283492	-0.5360632	-0.07779193	0.2147761	0.04794998	0.02041936	-0.0002748725	0.002977234	-0.000264334	-5.595354E-05	-0.0003434325	-0.0006166279	-0.1977103	0.1043214	0.002461195	-0.00169629	-0.004115316	-0.001407068	0.001259035	0.0006866397	0.0002850413	-0.008247212	-0.2343427	-0.1166091	0.00194844	0.001982549	7.11008E-05	-5.595354E-05	-0.0003434325	-0.0006166279	0.1178331	-0.2020527	-0.09035444	0.005129064	0.007659114	0.0009470335	0.001259035	0.0006866397	0.0002850413
4396	0.159879	-0.05668612	0.1296268	-0.07260146	-0.0689802	-0.1417234	0.05380151	-0.5348016	-0.07612705	0.2144964	0.0489302	0.02075434	-0.0002760818	0.002477979	-0.000114506	-4.226749E-05	-0.0003823882	-0.0004250139	-0.1980406	0.1036798	0.002434969	-0.001354811	-0.003246872	-0.001061857	0.001029646	0.0007320908	0.0003000836	-0.006788507	-0.2311532	-0.1160762	0.001826006	0.002284295	0.000186542	-4.226749E-05	-0.0003823882	-0.0004250139	0.1531003	-0.2442695	-0.1049984	0.0126636	-0.004809859	-0.002950702	0.001029646	0.0007320908	0.0003000836
4400	0.1614088	-0.05546969	0.1301651	-0.07081798	-0.06875204	-0.1402824	0.05410365	-0.5337203	-0.07503939	0.2142477	0.05045481	0.02019453	-0.0002692327	0.002239637	-0.0002258312	-2.998835E-05	-0.0003463766	-0.0003465917	-0.1985662	0.1024967	0.003555536	-0.001147495	-0.002730938	-0.0005162511	0.0008240636	0.0006780515	0.0003614642	-0.005881488	-0.2303635	-0.1158955	0.001596259	0.001910636	0.0001850868	-2.998835E-05	-0.0003463766	-0.0003465917	0.1547645	-0.2436018	-0.1040206	0.009913736	-0.003440468	-0.001968588	0.0008240636	0.0006780515	0.0003614642
4403	0.1628038	-0.05437993	0.1302569	-0.06977107	-0.06849527	-0.1393309	0.05539001	-0.5334594	-0.07479548	0.2136816	0.05350234	0.01918936	-0.0003434446	0.00244161	-0.0004206666	-4.104422E-05	-0.0002092894	-0.0003086526	-0.1994631	0.1006937	0.003887653	-0.001084858	-0.00249896	-0.000304159	0.000633707	0.0005665332	0.0003241212	-0.005074993	-0.2293281	-0.1157844	0.001398818	0.001691829	0.0001665909	-4.104422E-05	-0.0002092894	-0.0003086526	0.1585833	-0.24206	-0.1016228	0.008390001	-0.002194906	-0.0008769969	0.000633707	0.0005665332	0.0003241212
4406	0.1637002	-0.05392125	0.130295	-0.07001066	-0.06895325	-0.1385822	0.05621166	-0.5333651	-0.07475233	0.2127094	0.05807373	0.01782346	-0.0005006326	0.002974055	-0.000656975	-7.008016E-05	-2.385557E-05	-0.0002905665	-0.2399707	0.1159837	-0.001729727	-0.01094054	0.001948293	-0.001632464	-0.001988639	0.001536713	-8.898546E-05	-0.004147738	-0.2272703	-0.1151135	0.001280927	0.001783319	0.0002926706	-7.008016E-05	-2.385557E-05	-0.0002905665	0.1610689	-0.2406206	-0.1011138	0.006913901	-0.001286324	-0.0005304918	-0.001988639	0.001536713	-8.898546E-05
4410	0.1645231	-0.05389731	0.1302006	-0.07009223	-0.06956768	-0.1381404	0.05714791	-0.5320207	-0.07691193	0.2099811	0.06874748	0.01474285	-0.00105756	0.004898978	-0.001262883	-0.000191792	0.0004633391	-0.0003694019	-0.2041494	0.09164675	-0.00096488	0.0007499354	-0.004623021	-0.001033137	0.001431138	-0.0004902937	8.309284E-05	-0.003566101	-0.2260542	-0.1147122	0.001106105	0.001641507	0.0003198176	-0.000191792	0.0004633391	-0.0003694019	0.1627601	-0.2397209	-0.1004982	0.005608243	-0.0007398397	-0.0002439696	0.001431138	-0.0004902937	8.309284E-05
4413	0.1660245	-0.05336392	0.1302929	-0.07038914	-0.07072386	-0.1370959	0.05873625	-0.5319244	-0.07595706	0.2097934	0.0689944	0.01538348	-0.0008400939	0.003735966	-0.0007870045	-8.947746E-05	5.67511E-05	-0.0001580818	-0.2374247	0.1033032	-0.005818844	-0.007756375	-0.0005531427	-0.001988343	-0.001053224	0.0006497494	-0.0001764821	-0.002214372	-0.2243548	-0.114078	0.001167511	0.001655981	0.0003984115	-8.947746E-05	5.67511E-05	-0.0001580818	0.163727	-0.2392772	-0.09993815	0.004447913	-0.0004439332	-4.29659E-05	-0.001053224	0.0006497494	-0.0001764821
4416	0.1660639	-0.0504763	0.1311889	-0.06887254	-0.07078283	-0.1360097	0.06073466	-0.5320508	-0.07507324	0.2103827	0.06827965	0.01329637	-0.0004827278	0.002623287	-0.001112032	2.223345E-05	-0.0002356063	-0.0001998184	-0.2358311	0.1010301	-0.003819704	-0.005418899	-0.0009831538	-0.0009914726	-0.0002055488	0.0003798093	0.0001168561	-0.003728688	-0.2227919	-0.1134765	0.0004970543	0.001632724	0.0004491912	2.223345E-05	-0.0002356063	-0.0001998184	0.1643042	-0.239058	-0.09950304	0.003480219	-0.0002781583	7.655405E-05	-0.0002055488	0.0003798093	0.0001168561
4420	0.1675097	-0.05098288	0.1304736	-0.06834225	-0.07144198	-0.1355133	0.06141155	-0.532717	-0.07515168	0.2104488	0.06862475	0.01215219	-0.0003455353	0.002053739	-0.001120067	5.097319E-05	-0.0003190917	-0.0001518724	-0.2348605	0.1003219	-0.001974344	-0.003821505	-0.0009143949	-0.0002822645	0.0002451868	0.0003020467	0.0002649441	-0.004094005	-0.2241862	-0.1134684	0.0002814615	0.0008759599	0.0003389199	5.097319E-05	-0.0003190917	-0.0001518724	0.1643144	-0.2392912	-0.09883761	0.002612709	-0.0002669195	0.0002237721	0.0002451868	0.0003020467	0.0002649441
4423	0.1675658	-0.04994632	0.1290774	-0.06818039	-0.07162856	-0.135874	0.06227177	-0.5325797	-0.07575393	0.2109628	0.06750652	0.01121688	-0.0001306439	0.001260747	-0.001073879	9.195276E-05	-0.0004375667	-0.0001023574	-0.2345187	0.1003118	-0.0008273125	-0.002780689	-0.0006883256	7.505954E-05	0.0004440941	0.0002830523	0.0002880391	-0.004284188	-0.2245214	-0.1132758	0.0001635502	0.0005731695	0.0003023505	9.195276E-05	-0.0004375667	-0.0001023574	0.1608071	-0.241822	-0.09834957	0.001082706	-0.0008328967	0.0002898398	0.0004440941	0.0002830523	0.0002880391
4426	0.1662759	-0.04568024	0.1290693	-0.06826609	-0.07228	-0.1365736	0.06242624	-0.5326992	-0.0761826	0.2121831	0.0650543	0.008162975	0.0002071035	0.0003325045	-0.001568885	0.0001534014	-0.0005602358	-0.0002005195	-0.2333409	0.09874828	0.001669884	-0.001791059	-0.0009071277	0.0006805937	0.0005804781	0.0001575887	0.0003674129	-0.004117146	-0.2244151	-0.1124525	0.0001644232	0.0004564496	0.0004325777	0.0001534014	-0.0005602358	-0.0002005195	0.1498203	-0.2492352	-0.09688973	-0.001934668	-0.002477956	0.0005823391	0.0005804781	0.0001575887	0.0003674129
4430	0.1663307	-0.04464768	0.1290936	-0.0681894	-0.07233489	-0.1363542	0.06171979	-0.5309462	-0.07574248	0.2119797	0.06580628	0.007935524	0.0001044699	0.0004373751	-0.001233527	8.939267E-05	-0.0003939592	-6.655001E-05	-0.2328037	0.09713061	0.001122952	-0.001208993	-0.001084763	0.0003737122	0.0005808749	7.378264E-05	0.0001988393	-0.004568338	-0.2250294	-0.112643	1.051932E-05	0.0001887584	0.0002768092	8.939267E-05	-0.0003939592	-6.655001E-05	0.1421307	-0.2537201	-0.09672737	-0.003373392	-0.002979697	0.0004773451	0.0005808749	7.378264E-05	0.0001988393
4433	0.166944	-0.04461159	0.128696	-0.06764913	-0.07277068	-0.1354492	0.06201292	-0.5312575	-0.0749507	0.2113137	0.06753558	0.008818865	-8.815313E-05	0.000760355	-0.0007043098	1.888874E-05	-0.0002147244	8.239171E-05	-0.2317035	0.09522542	0.0009021759	-0.0006317106	-0.001289869	0.0002250902	0.0005799768	4.060457E-06	0.000111974	-0.004315212	-0.2251426	-0.1126189	7.117099E-05	0.0001132864	0.0002136269	1.888874E-05	-0.0002147244	8.239171E-05	0.1338711	-0.257907	-0.09742856	-0.004594939	-0.003281498	0.0001827115	0.0005799768	4.060457E-06	0.000111974
4436	0.1673715	-0.04434529	0.1290586	-0.06805594	-0.07368065	-0.1349394	0.06662815	-0.5304586	-0.07401943	0.210495	0.0705615	0.00741744	-0.0002707972	0.001326746	-0.0008785885	-3.149447E-05	-1.944552E-05	1.822413E-05	-0.2339178	0.09394503	-0.00117898	-0.001027357	-0.001287501	-0.0003514712	0.0003360709	3.637373E-06	-6.015989E-05	-0.003767774	-0.2288613	-0.1133366	0.000190238	-0.0008447149	-1.918977E-05	-3.149447E-05	-1.944552E-05	1.822413E-05	0.1259558	-0.2610201	-0.09980059	-0.005425037	-0.003239403	-0.0004559729	0.0003360709	3.637373E-06	-6.015989E-05
4440	0.1668881	-0.04318289	0.1291013	-0.06839448	-0.07450494	-0.1354551	0.06971505	-0.529651	-0.07384753	0.210786	0.0699323	0.006833553	-0.0001303393	0.0008377591	-0.0008049131	1.149363E-05	-0.0001368309	3.208694E-05	-0.2340876	0.09382874	-0.002050638	-0.000812964	-0.0009946981	-0.000481518	0.0003056515	7.592882E-05	-7.763161E-05	-0.003971457	-0.2322404	-0.1135058	9.175748E-05	-0.001478309	-5.671163E-05	1.149363E-05	-0.0001368309	3.208694E-05	0.1214314	-0.2628111	-0.1007102	-0.005199875	-0.00287731	-0.0005693714	0.0003056515	7.592882E-05	-7.763161E-05
4443	0.167222	-0.0417486	0.1288152	-0.06915377	-0.07511896	-0.1358957	0.07169423	-0.5289567	-0.0737164	0.208771	0.07577525	0.006411791	-0.0006014919	0.002089058	-0.0007091254	-0.0001091679	0.0002102015	4.801212E-05	-0.2319551	0.0862051	-0.001652002	-7.660419E-05	-0.002651934	-0.0002614796	0.0004133286	-0.0003573624	-3.214089E-06	-0.003838301	-0.2324047	-0.1133337	0.0001021073	-0.001149814	5.008333E-07	-0.0001091679	0.0002102015	4.801212E-05	0.1154714	-0.2652799	-0.1012371	-0.005389901	-0.002775166	-0.0005587548	0.0004133286	-0.0003573624	-3.214089E-06
4447	0.1677306	-0.04006043	0.1292784	-0.06930102	-0.07536982	-0.1363916	0.0735687	-0.5283933	-0.07359886	0.2095859	0.07377516	0.005641222	-0.0002474127	0.00106677	-0.0007244863	6.643866E-06	-9.792083E-05	3.216887E-05	-0.2331658	0.08649957	-0.001500607	-0.0003601181	-0.001915331	-0.0001582607	0.000239118	-8.38711E-05	2.339414E-05	-0.006752446	-0.2294835	-0.1121247	-0.0006519559	-0.0001320697	0.0003026308	6.643866E-06	-9.792083E-05	3.216887E-05	0.1108386	-0.2671496	-0.1015294	-0.005200637	-0.002548802	-0.0004921413	0.000239118	-8.38711E-05	2.339414E-05
4450	0.1679278	-0.03927368	0.1293919	-0.06965583	-0.07608503	-0.1365304	0.0760323	-0.52767	-0.07297969	0.209568	0.07372743	0.005905867	-0.0001900298	0.0007881453	-0.0004772036	1.93286E-05	-0.0001430968	8.594734E-05	-0.232634	0.08514294	-0.001384497	-0.0001371292	-0.001775656	-8.966808E-05	0.0002350857	-2.798458E-05	3.469377E-05	-0.007033855	-0.23016	-0.1122503	-0.000559319	-0.0002681656	0.0001955614	1.93286E-05	-0.0001430968	8.594734E-05	0.1056538	-0.2686708	-0.1031494	-0.00519667	-0.002291909	-0.0007741196	0.0002350857	-2.798458E-05	3.469377E-05
4453	0.168324	-0.03913125	0.1293516	-0.06985829	-0.07615717	-0.1365609	0.07757113	-0.5269684	-0.07292342	0.2089394	0.07554939	0.005613565	-0.00029967	0.0010466	-0.000430978	-1.29136E-05	-4.270884E-05	7.601691E-05	-0.2321652	0.08270535	-0.001329184	1.4347E-05	-0.00194114	-5.342278E-05	0.0002141833	-6.235938E-05	3.508165E-05	-0.00782901	-0.2307405	-0.1125371	-0.0006182782	-0.0003462615	7.496668E-05	-1.29136E-05	-4.270884E-05	7.601691E-05	0.1036341	-0.2692104	-0.1038456	-0.004402423	-0.001853832	-0.0007546353	0.0002141833	-6.235938E-05	3.508165E-05
4456	0.168439	-0.03839849	0.1290975	-0.07027675	-0.0760701	-0.1367419	0.0789139	-0.526417	-0.07294822	0.2091937	0.07475759	0.005875826	-0.0001611693	0.0005869995	-0.0002576684	2.493999E-05	-0.0001469318	0.0001003401	-0.2316984	0.08263606	-0.001679659	0.0001274624	-0.001473178	-0.0001276859	0.0001889163	7.022108E-05	7.745453E-06	-0.008313894	-0.2313927	-0.1125925	-0.0005849296	-0.0004227446	4.239673E-05	2.493999E-05	-0.0001469318	0.0001003401	0.102744	-0.2692438	-0.1047246	-0.003524343	-0.001398726	-0.0007857388	0.0001889163	7.022108E-05	7.745453E-06
4460	0.1681226	-0.03829291	0.1272237	-0.07140111	-0.07641764	-0.1389492	0.07940321	-0.5263402	-0.07467842	0.2085193	0.07660872	0.005808592	-0.0002894761	0.0009030312	-0.0002100598	-1.337172E-05	-3.119094E-05	8.71572E-05	-0.2306828	0.08044416	-0.001663685	0.0003494902	-0.001652859	-9.177093E-05	0.0001971942	7.745592E-06	1.478784E-05	-0.008232817	-0.2313396	-0.1122813	-0.0004184279	-0.0003037666	0.0001095816	-1.337172E-05	-3.119094E-05	8.71572E-05	0.1023398	-0.2692534	-0.1051383	-0.002744308	-0.001051451	-0.0006927181	0.0001971942	7.745592E-06	1.478784E-05
4463	0.1680753	-0.03766733	0.1271594	-0.07162756	-0.07617719	-0.1389518	0.08019122	-0.5259556	-0.07471442	0.2082547	0.07744698	0.00539732	-0.0002832794	0.0008868396	-0.0002603629	-8.479614E-06	-2.744111E-05	5.279213E-05	-0.2304376	0.07957187	-0.003040075	0.0003234248	-0.001457715	-0.0004129258	0.0001413793	5.45951E-05	-6.919785E-05	-0.008613721	-0.2315011	-0.1123328	-0.0004090468	-0.0002682183	6.93116E-05	-8.479614E-06	-2.744111E-05	5.279213E-05	0.1026382	-0.2690576	-0.1053793	-0.001983634	-0.000739638	-0.0005797989	0.0001413793	5.45951E-05	-6.919785E-05
4467	0.1682628	-0.03744794	0.12674	-0.0719341	-0.07614182	-0.1391523	0.0805751	-0.5274194	-0.07530522	0.2079259	0.07831427	0.005398273	-0.0002946581	0.0008819528	-0.0001950337	-9.204377E-06	-2.180254E-05	5.592638E-05	-0.2302173	0.08053097	-0.00211668	0.0002976358	-0.0008535117	-7.884557E-05	9.958723E-05	0.0001919972	3.162168E-05	-0.008483052	-0.2309673	-0.1119008	-0.000274118	-6.770891E-05	0.0001599873	-9.204377E-06	-2.180254E-05	5.592638E-05	0.1032155	-0.2687941	-0.1055114	-0.001343413	-0.0004888505	-0.0004678702	9.958723E-05	0.0001919972	3.162168E-05
4470	0.167379	-0.03799915	0.1248171	-0.07176156	-0.07641622	-0.1387885	0.08160657	-0.5271783	-0.07518697	0.2074029	0.07893389	0.007729769	-0.0003517214	0.0008163696	0.0004365985	-2.116912E-05	-3.274769E-05	0.0001998529	-0.2282189	0.08140245	-0.001691341	0.000722833	-0.0004222639	4.720051E-05	0.0001809897	0.0002518098	5.522777E-05	-0.008285969	-0.2305938	-0.1118882	-0.0001563178	4.259272E-05	0.0001231495	-2.116912E-05	-3.274769E-05	0.0001998529	0.1045216	-0.2682171	-0.1057341	-0.0006810289	-0.0002223797	-0.0004065734	0.0001809897	0.0002518098	5.522777E-05
4473	0.1673861	-0.03925569	0.1217597	-0.07193419	-0.07709879	-0.1390977	0.08186493	-0.5272333	-0.0755558	0.2058179	0.08208279	0.01018834	-0.0006600465	0.001399502	0.000942092	-9.29581E-05	0.0001212223	0.000276263	-0.2272305	0.08619791	0.0001020432	0.0007892121	0.0008821675	0.0004837465	0.000152337	0.0005149653	0.0001505573	-0.008286938	-0.2296853	-0.1116869	-0.0001174805	0.0002590755	0.0001426685	-9.29581E-05	0.0001212223	0.000276263	0.1077613	-0.2668424	-0.1060288	0.0002991567	0.0001768956	-0.0003786014	0.000152337	0.0005149653	0.0001505573
4476	0.1685348	-0.03912833	0.1196625	-0.0720912	-0.07711877	-0.1382565	0.08230786	-0.527003	-0.07473278	0.2043867	0.08445783	0.01308155	-0.0008528378	0.001643386	0.001429871	-0.0001179164	0.0001518876	0.0003291421	-0.2254577	0.09182256	0.002218008	0.001035107	0.002067789	0.0008918011	0.0001757265	0.0006826292	0.0002149316	-0.008457258	-0.2270742	-0.1105514	-0.0001306905	0.0008470743	0.0003908983	-0.0001179164	0.0001518876	0.0003291421	0.1119772	-0.2652619	-0.1056545	0.001278347	0.0005277834	-0.0001903717	0.0001757265	0.0006826292	0.0002149316
4480	0.1696772	-0.03905547	0.118345	-0.06755726	-0.07449411	-0.1333873	0.08285117	-0.5266436	-0.07358789	0.2041096	0.08455074	0.01448703	-0.0007089039	0.001255766	0.001423773	-5.245383E-05	1.701091E-05	0.000245332	-0.1850531	0.1230247	0.01275754	0.01087749	0.009351383	0.003303734	0.00259239	0.00233287	0.0007641819	-0.01306885	-0.2237182	-0.11252	-0.001250917	0.001474316	-0.0001989818	-5.245383E-05	1.701091E-05	0.000245332	0.1146353	-0.2643215	-0.1052096	0.001623276	0.0006309407	-3.155653E-05	0.00259239	0.00233287	0.0007641819
4483	0.1700451	-0.03815497	0.1165569	-0.06783915	-0.07478237	-0.1333957	0.08529031	-0.5269991	-0.07423282	0.2035164	0.08654797	0.01291466	-0.0006799892	0.001441133	0.000674737	-3.211169E-05	5.909981E-05	-3.259993E-06	-0.1791354	0.1297444	0.01988149	0.009637533	0.008693442	0.004258787	0.001634304	0.001585167	0.0008118998	-0.0121571	-0.2229924	-0.1122994	-0.0007102484	0.001287196	-9.410208E-05	-3.211169E-05	5.909981E-05	-3.259993E-06	0.1187782	-0.2624391	-0.1053896	0.002253192	0.000943799	-6.86689E-05	0.001634304	0.001585167	0.0008118998
4486	0.1710913	-0.03664786	0.1170299	-0.06551462	-0.07328784	-0.1301413	0.08482093	-0.5271236	-0.0738976	0.2019399	0.09212229	0.006611586	-0.0009041127	0.002474429	-0.001069715	-8.011465E-05	0.0003026488	-0.0004385581	-0.1534512	0.1550933	0.03434277	0.01364921	0.01285731	0.00680941	0.002228648	0.002229844	0.001246581	-0.01365522	-0.2220605	-0.1142542	-0.0009072158	0.00119835	-0.000559275	-8.011465E-05	0.0003026488	-0.0004385581	0.1213234	-0.2611207	-0.1058698	0.002326196	0.001037463	-0.0001715454	0.002228648	0.002229844	0.001246581
4490	0.1708248	-0.02916008	0.1178951	-0.06597557	-0.07169117	-0.1292369	0.08252226	-0.5256107	-0.07524061	0.2035365	0.08895344	0.005045176	-0.0002789309	0.001063609	-0.001193889	9.620946E-05	-0.0001257184	-0.000359962	-0.1636893	0.2125913	0.05553365	0.007677393	0.02401749	0.01040478	0.000178531	0.004462428	0.001833778	-0.01392365	-0.2201426	-0.1144674	-0.0007475192	0.001378241	-0.0004727428	9.620946E-05	-0.0001257184	-0.000359962	0.1238862	-0.259819	-0.1062009	0.002385333	0.001103516	-0.0002114499	0.000178531	0.004462428	0.001833778
4493	0.167974	-0.03107043	0.114331	-0.07106994	-0.07040869	-0.1297019	0.08146589	-0.5244443	-0.07543921	0.1990604	0.09683006	0.01098037	-0.001328223	0.002766862	0.0005883813	-0.000190166	0.0003315244	0.0001755961	-0.06761688	0.20506	0.03998733	0.02977614	0.0161303	0.003917004	0.005658585	0.001375022	-0.0002466106	-0.007041976	-0.2205252	-0.1133347	0.001159778	0.0009380376	-7.137546E-05	-0.000190166	0.0003315244	0.0001755961	0.127645	-0.257956	-0.1063442	0.002728719	0.00129338	-0.0001944098	0.005658585	0.001375022	-0.0002466106
4496	0.168428	-0.03013319	0.1148205	-0.0710026	-0.07225589	-0.1308608	0.08175366	-0.5242501	-0.07541513	0.189709	0.1128153	0.0146656	-0.00333401	0.006071447	0.001362595	-0.0006440713	0.00107479	0.0003252505	-0.02086371	0.2195185	0.04693818	0.03402039	0.01571234	0.004675467	0.005305002	0.0009267776	4.657806E-06	-0.00294289	-0.2204645	-0.1129255	0.001894605	0.0007186976	4.874998E-05	-0.0006440713	0.00107479	0.0003252505	0.1304402	-0.2563455	-0.1069019	0.002745322	0.001372665	-0.0002852226	0.005305002	0.0009267776	4.657806E-06
4500	0.1675819	-0.02612199	0.115772	-0.07112917	-0.0738133	-0.1318076	0.08078413	-0.5236076	-0.07619238	0.1775777	0.1290648	0.02097821	-0.005533341	0.008615962	0.002600098	-0.001032886	0.001442221	0.0005533138	0.05064259	0.2094036	0.03814983	0.04339187	0.00925553	0.001309513	0.006321621	-0.00091912	-0.000837995	0.001311481	-0.2204149	-0.1131959	0.002484547	0.0005514359	-3.102918E-05	-0.001032886	0.001442221	0.0005533138	0.1328232	-0.2555954	-0.1056199	0.00265474	0.001217015	0.0001065772	0.006321621	-0.00091912	-0.000837995
4503	0.1644038	-0.02064791	0.1166136	-0.07014941	-0.07469119	-0.1318364	0.07542133	-0.5230317	-0.07723713	0.1686333	0.1381782	0.0280633	-0.006386115	0.008740325	0.003721345	-0.0009878582	0.001112757	0.000695297	0.1019508	0.2272445	0.04617739	0.04537096	0.01140186	0.002989023	0.005235988	-0.0001527567	-0.0002086188	0.003137887	-0.2198034	-0.1131945	0.002320011	0.0005664405	-2.291426E-05	-0.0009878582	0.001112757	0.000695297	0.1382742	-0.2526991	-0.1056399	0.003353803	0.001636846	7.492612E-05	0.005235988	-0.0001527567	-0.0002086188
4507	0.1598312	-0.009937584	0.1191273	-0.0685572	-0.07487598	-0.130991	0.07684521	-0.5220163	-0.07632661	0.1579779	0.1479323	0.03439331	-0.007453415	0.008993778	0.004373512	-0.001007718	0.0008979306	0.0006845145	0.1362347	0.1706948	0.02269435	0.04259919	-0.005586011	-0.003628992	0.003234048	-0.004361536	-0.001810968	0.004710093	-0.2188925	-0.1134741	0.00213306	0.0006525611	-8.710194E-05	-0.001007718	0.0008979306	0.0006845145	0.1448704	-0.2484338	-0.1071253	0.004164404	0.00229395	-0.0003151424	0.003234048	-0.004361536	-0.001810968
4510	0.1583261	-0.005199581	0.120924	-0.06747609	-0.0751029	-0.1305597	0.07763058	-0.520852	-0.07558966	0.1572243	0.1488311	0.03407669	-0.005778478	0.006970017	0.003200979	-0.0003370548	0.0001675077	0.0002202526	0.15368	0.1582392	0.02051997	0.03631071	-0.007303419	-0.003265338	0.0008534172	-0.003700504	-0.001267313	0.006482944	-0.2183161	-0.1137683	0.002043008	0.0006335188	-0.0001388786	-0.0003370548	0.0001675077	0.0002202526	0.1464564	-0.2474361	-0.1073041	0.003519808	0.001969893	-0.0002810603	0.0008534172	-0.003700504	-0.001267313
4513	0.1580793	-0.003562167	0.121716	-0.06671775	-0.07616267	-0.1305566	0.07830139	-0.5198816	-0.0756731	0.1593526	0.1470773	0.03268671	-0.003801776	0.004789065	0.002053239	0.0002413846	-0.0004196074	-0.0001217455	0.1655407	0.1444772	0.01423907	0.03019822	-0.008918064	-0.004019229	-0.0008880614	-0.003179039	-0.001138957	0.007139236	-0.2163052	-0.1135721	0.001696329	0.0009778745	-5.510432E-05	0.0002413846	-0.0004196074	-0.0001217455	0.1487488	-0.2461105	-0.1072242	0.003212955	0.001808833	-0.0001908276	-0.0008880614	-0.003179039	-0.001138957
4516	0.1586281	-0.003510773	0.1221614	-0.06691976	-0.07762246	-0.1312902	0.07848243	-0.5208744	-0.07666826	0.1722335	0.1340088	0.02717137	0.0003688838	0.0003246779	0.0001610953	0.001223703	-0.001430802	-0.0005643452	0.1844552	0.1220169	-0.0001707077	0.02737728	-0.01230363	-0.006616867	-0.001371281	-0.00323067	-0.001503627	0.009286493	-0.214639	-0.1131852	0.001809061	0.001149945	5.54101E-05	0.001223703	-0.001430802	-0.0005643452	0.1511286	-0.2441854	-0.1084321	0.003004667	0.001837887	-0.0004450779	-0.001371281	-0.00323067	-0.001503627
4520	0.1597919	-0.0060087	0.1235461	-0.06642891	-0.07791848	-0.1314142	0.08084196	-0.5201869	-0.07681513	0.1862946	0.1171428	0.01851344	0.003791944	-0.003972995	-0.002043662	0.001773542	-0.00214752	-0.0009744481	0.1891798	0.1149908	-0.004098892	0.02171412	-0.01098424	-0.005944696	-0.00244425	-0.002093155	-0.0009596779	0.01101273	-0.2143346	-0.1135445	0.001788356	0.0009385556	-4.826663E-05	0.001773542	-0.00214752	-0.0009744481	0.1526136	-0.2426897	-0.1098559	0.002624741	0.001752357	-0.0006897673	-0.00244425	-0.002093155	-0.0009596779
4523	0.1609195	-0.0122063	0.1248932	-0.06715143	-0.07937513	-0.1319084	0.08353966	-0.5229349	-0.07842731	0.1981342	0.09998761	0.006847143	0.005803854	-0.007268535	-0.004449321	0.001833134	-0.002434525	-0.001332251	0.1959532	0.103428	-0.008164644	0.01797895	-0.01112887	-0.00547496	-0.002766981	-0.001606024	-0.0006023244	0.01279283	-0.2125014	-0.1133404	0.00178629	0.001162224	1.482161E-05	0.001833134	-0.002434525	-0.001332251	0.1531342	-0.2424005	-0.1097646	0.002098717	0.001386564	-0.0004944969	-0.002766981	-0.001606024	-0.0006023244
4527	0.1626091	-0.01899561	0.1266329	-0.06678227	-0.07912138	-0.1317797	0.08337407	-0.5242046	-0.07912397	0.2073731	0.08188376	-0.002022982	0.006662626	-0.009977365	-0.005554522	0.001589544	-0.002503101	-0.001275488	0.198524	0.09860748	-0.01367879	0.01412689	-0.009551791	-0.005484757	-0.00303825	-0.0008102488	-0.0004541923	0.01344448	-0.2128296	-0.114059	0.001502632	0.0007896149	-0.0001685322	0.001589544	-0.002503101	-0.001275488	0.1539145	-0.2420274	-0.1094704	0.001769101	0.001133186	-0.0002973205	-0.00303825	-0.0008102488	-0.0004541923
4530	0.1640825	-0.02746184	0.1250949	-0.06712858	-0.07963914	-0.1322439	0.08443584	-0.5264421	-0.08005047	0.2137115	0.06512362	-0.007040977	0.006581578	-0.01167306	-0.005420391	0.001171896	-0.00230125	-0.0009230835	0.2055211	0.0819349	-0.02797532	0.01234445	-0.01133199	-0.0076877	-0.002724297	-0.001052736	-0.0008913802	0.01406637	-0.2116567	-0.1140103	0.001282445	0.0008854325	-0.0001142398	0.001171896	-0.00230125	-0.0009230835	0.1540615	-0.2420502	-0.1091921	0.001363576	0.000844197	-0.0001534318	-0.002724297	-0.001052736	-0.0008913802
4533	0.1649355	-0.03292841	0.1235611	-0.06713039	-0.07896844	-0.1321034	0.08614492	-0.529157	-0.08006501	0.2199755	0.04137354	-0.01343369	0.006502165	-0.01469231	-0.005663472	0.0008590686	-0.002480751	-0.000753083	0.2055696	0.07943922	-0.03796172	0.009270454	-0.00912291	-0.008262375	-0.002811722	-0.0002372822	-0.0008122039	0.01520644	-0.211224	-0.1143134	0.001246852	0.0007722643	-0.0001614373	0.0008590686	-0.002480751	-0.000753083	0.1539924	-0.2416426	-0.1103001	0.001005423	0.0007350456	-0.0003920566	-0.002811722	-0.0002372822	-0.0008122039
4536	0.1685842	-0.0446682	0.1186328	-0.06759915	-0.07914338	-0.1325653	0.0863203	-0.5304036	-0.08087897	0.2232123	0.019059	-0.01740193	0.005685843	-0.01659787	-0.005239664	0.0004402208	-0.002336952	-0.0004588601	0.2091999	0.06309754	-0.05141282	0.007860433	-0.0109276	-0.009559557	-0.002461297	-0.0006291353	-0.0009334483	0.01615256	-0.2109739	-0.11467	0.001171669	0.000641716	-0.0002102466	0.0004402208	-0.002336952	-0.0004588601	0.1536858	-0.241796	-0.1103978	0.0006774118	0.0005129286	-0.0003184804	-0.002461297	-0.0006291353	-0.0009334483
4540	0.1698226	-0.04903932	0.118412	-0.068305	-0.07899302	-0.1329482	0.08668965	-0.5329293	-0.08085322	0.2237164	-0.01372257	-0.02478313	0.004390401	-0.0206438	-0.005775048	6.30517E-06	-0.002764196	-0.0004779912	0.2127367	0.03789942	-0.06364536	0.006779515	-0.01449523	-0.0102278	-0.002116202	-0.001363759	-0.0008671478	0.01680379	-0.2107923	-0.1146512	0.001041558	0.0005266909	-0.0001529762	6.30517E-06	-0.002764196	-0.0004779912	0.152807	-0.2422081	-0.1107345	0.0002883598	0.0002816847	-0.000323022	-0.002116202	-0.001363759	-0.0008671478
4543	0.1709865	-0.06223091	0.111953	-0.06867073	-0.07922058	-0.132859	0.08886864	-0.5364763	-0.08063149	0.215333	-0.0633776	-0.02073264	0.001196956	-0.02789661	-0.003318663	-0.0007936324	-0.003886349	0.0002556029	0.2375019	0.03251541	-0.08501172	0.01127595	-0.01221743	-0.01301244	-0.0004630429	-0.0004533674	-0.00134652	0.01662518	-0.2102425	-0.1145427	0.0007365172	0.0005324553	-8.761201E-05	-0.0007936324	-0.003886349	0.0002556029	0.1507244	-0.243125	-0.1116462	-0.0003043842	-1.797963E-05	-0.0004701947	-0.0004630429	-0.0004533674	-0.00134652
4546	0.1737932	-0.07431771	0.1055181	-0.06375024	-0.07395926	-0.1265407	0.088897	-0.5368748	-0.07939482	0.2040219	-0.0937482	-0.02435946	-0.001930076	-0.0285151	-0.003395703	-0.001376982	-0.003069386	0.0001724421	0.2099906	-0.001638535	-0.08523846	0.00157913	-0.01770156	-0.009816015	-0.002771487	-0.001711059	-0.0002107837	0.01020595	-0.2150329	-0.1199987	-0.001052419	-0.0007982574	-0.001429702	-0.001376982	-0.003069386	0.0001724421	0.1474547	-0.2445419	-0.1130099	-0.001045717	-0.0003677114	-0.0006935846	-0.002771487	-0.001711059	-0.0002107837
4550	0.173625	-0.07964014	0.09847713	-0.06661078	-0.07453348	-0.1276209	0.08781354	-0.5390272	-0.07899737	0.1772152	-0.1374091	-0.03495169	-0.008149221	-0.03230155	-0.005194833	-0.002587523	-0.003248651	-0.0003204508	0.2002459	-0.03760067	-0.1015265	-0.001251836	-0.0222667	-0.01143402	-0.002786356	-0.00242458	-0.0005625896	0.009618536	-0.2137885	-0.1174605	-0.0009361687	-0.0002875903	-0.0004377252	-0.002587523	-0.003248651	-0.0003204508	0.141701	-0.248328	-0.1119642	-0.002222694	-0.001222298	-0.0002587624	-0.002786356	-0.00242458	-0.0005625896
4553	0.173789	-0.08620764	0.0899725	-0.0697709	-0.07378039	-0.1264725	0.08564676	-0.539498	-0.07769799	0.1454324	-0.1746069	-0.03439283	-0.01405761	-0.03352561	-0.003756411	-0.003417739	-0.002742504	0.0001192672	0.187165	-0.07977854	-0.102443	-0.00420909	-0.02724449	-0.008804637	-0.002829081	-0.003062883	0.0002354042	0.004006207	-0.2118371	-0.1134362	-0.002105209	0.0002721713	0.0006777729	-0.003417739	-0.002742504	0.0001192672	0.1399781	-0.2487901	-0.1132426	-0.002097753	-0.00103226	-0.000513672	-0.002829081	-0.003062883	0.0002354042
4556	0.170019	-0.08589955	0.09081602	-0.07344212	-0.07347512	-0.125597	0.08459816	-0.5410175	-0.07592702	0.1264011	-0.2103826	-0.04316592	-0.01530103	-0.03408814	-0.005010581	-0.00287416	-0.002197511	-0.0002240919	0.1677394	-0.1421043	-0.09878278	-0.008013221	-0.03601482	-0.005688427	-0.003072843	-0.004489743	0.0009556056	-0.0008349419	-0.2115847	-0.1098523	-0.002789194	0.0002672051	0.001404307	-0.00287416	-0.002197511	-0.0002240919	0.1365739	-0.2505119	-0.1136229	-0.002424376	-0.00120463	-0.0004803234	-0.003072843	-0.004489743	0.0009556056
4560	0.168088	-0.0926241	0.07296729	-0.07995672	-0.07237194	-0.1245794	0.08073851	-0.5416835	-0.07456994	0.08156924	-0.2451993	-0.02927089	-0.02268375	-0.03427028	-0.0002841768	-0.004001299	-0.001693667	0.001013532	0.138618	-0.1790753	-0.08906603	-0.01329027	-0.03625386	-0.001837133	-0.003623894	-0.003427068	0.001679528	-0.007067963	-0.2148775	-0.1057112	-0.003650151	-0.0006227811	0.002088503	-0.004001299	-0.001693667	0.001013532	0.1341089	-0.2514781	-0.1144648	-0.002434516	-0.00114502	-0.0005707066	-0.003623894	-0.003427068	0.001679528
4563	0.1641333	-0.09215878	0.06578779	-0.08622223	-0.07165258	-0.1229835	0.07677551	-0.5418464	-0.07356954	0.06459288	-0.2714049	-0.03336954	-0.0212569	-0.03225411	-0.001237796	-0.002644262	-0.0007662093	0.0005217443	0.06870128	-0.2138242	-0.07651472	-0.02744688	-0.03587762	0.001759977	-0.006257075	-0.002476241	0.002158924	-0.01252626	-0.2200244	-0.1018136	-0.004102187	-0.001753816	0.002540794	-0.002644262	-0.0007662093	0.0005217443	0.1299566	-0.2526641	-0.1166058	-0.002863976	-0.001155283	-0.0009632796	-0.006257075	-0.002476241	0.002158924
4566	0.1591501	-0.09041885	0.06336951	-0.0931983	-0.06976944	-0.1212783	0.07384584	-0.5413423	-0.07310963	0.05966448	-0.2716658	-0.03188634	-0.01717478	-0.02425579	-0.0005575465	-0.0009626655	0.001424923	0.0005613706	0.06984186	-0.2123289	-0.07561135	-0.02030002	-0.0265344	0.001545825	-0.00290609	0.0004786258	0.001565655	-0.02015498	-0.2239326	-0.09637356	-0.004983821	-0.00229242	0.003265595	-0.0009626655	0.001424923	0.0005613706	0.124793	-0.2539039	-0.1196012	-0.003438879	-0.001176407	-0.001471333	-0.00290609	0.0004786258	0.001565655
4570	0.1544651	-0.08916295	0.06337428	-0.1005702	-0.0676771	-0.1184165	0.06826724	-0.5409462	-0.07320118	0.05288979	-0.2675459	-0.03088546	-0.01457476	-0.01716188	-0.0001679396	-7.199397E-05	0.002842172	0.0005184297	0.07029882	-0.209001	-0.07457447	-0.01511077	-0.01906882	0.001418589	-0.0008822565	0.002225364	0.001142432	-0.02628569	-0.2289346	-0.09406877	-0.005270544	-0.002969802	0.003025394	-7.199397E-05	0.002842172	0.0005184297	0.1104669	-0.2598124	-0.1208296	-0.006160679	-0.002359435	-0.001410583	-0.0008822565	0.002225364	0.001142432
4573	0.1481813	-0.08798283	0.06486726	-0.1082024	-0.06692778	-0.1155221	0.0613256	-0.5408472	-0.07215333	0.04826885	-0.2657968	-0.02604842	-0.0120863	-0.01243415	0.001083304	0.000568118	0.003313561	0.0007016333	0.07095654	-0.2081078	-0.07379889	-0.01116865	-0.01407831	0.001257836	0.0003238383	0.002916649	0.0008166357	-0.0326311	-0.2326188	-0.09007716	-0.005539259	-0.003148407	0.003266946	0.000568118	0.003313561	0.0007016333	0.1023405	-0.2635234	-0.1196165	-0.006652104	-0.002697315	-0.0007546685	0.0003238383	0.002916649	0.0008166357
4576	0.1515331	-0.08557871	0.06466818	-0.1040568	-0.06425375	-0.1181743	0.06469786	-0.5400921	-0.07593513	0.04457854	-0.2645382	-0.02147746	-0.009987304	-0.00901095	0.001955219	0.000950838	0.00334097	0.0007442035	0.0715756	-0.2076907	-0.07338023	-0.008221724	-0.01045446	0.001048043	0.0009796107	0.00309345	0.0005600284	-0.04108183	-0.2394407	-0.087744	-0.006267127	-0.004066788	0.003033501	0.000950838	0.00334097	0.0007442035	0.06913358	-0.2580461	-0.1070788	-0.01329082	-0.0006536588	0.002568428	0.0009796107	0.00309345	0.0005600284
4580	0.1516202	-0.08557682	0.06771636	-0.1029278	-0.06269126	-0.119473	0.06330878	-0.5399272	-0.07682061	0.04250487	-0.2645366	-0.01957655	-0.008008895	-0.006757803	0.001941642	0.001207731	0.003069014	0.0005547584	0.07184825	-0.2076187	-0.07334566	-0.00609813	-0.007822836	0.0007946747	0.001265607	0.002977994	0.0003566793	-0.04840976	-0.2459104	-0.08501101	-0.006532328	-0.004667515	0.002958374	0.001207731	0.003069014	0.0005547584	0.06800398	-0.2758611	-0.1152668	-0.01025051	-0.004943985	-0.0001206814	0.001265607	0.002977994	0.0003566793
4583	0.1530275	-0.08600187	0.07334161	-0.1014696	-0.06161566	-0.1175187	0.06075165	-0.5404139	-0.07750869	0.03924654	-0.2566068	-0.01179242	-0.006821253	-0.003085924	0.003402263	0.001202709	0.00321973	0.0007812242	0.07215303	-0.2075619	-0.07334471	-0.004497402	-0.005852919	0.0005962444	0.001349387	0.002725975	0.0002179019	-0.05535908	-0.2511311	-0.08702612	-0.006636576	-0.004805792	0.001715002	0.001202709	0.00321973	0.0007812242	0.04810625	-0.2576307	-0.1032526	-0.01266232	0.000849606	0.002913027	0.001349387	0.002725975	0.0002179019
4586	0.1471137	-0.08790691	0.07935524	-0.09872025	-0.06015693	-0.1199036	0.05876795	-0.5409636	-0.07806921	0.03552235	-0.2541935	-0.01003957	-0.006046989	-0.001711117	0.002989911	0.001095598	0.0027585	0.0004828301	0.07236265	-0.2075515	-0.07343268	-0.003320648	-0.004387096	0.0004251892	0.001306229	0.002410937	0.0001206626	-0.06169818	-0.2583267	-0.08581853	-0.006562208	-0.005403257	0.001588149	0.001095598	0.0027585	0.0004828301	0.03657992	-0.2791112	-0.1086349	-0.01237832	-0.004732928	0.0008391952	0.001306229	0.002410937	0.0001206626
4590	0.1376992	-0.09157275	0.0842886	-0.1067165	-0.05954587	-0.1175499	0.0439413	-0.5431368	-0.07552385	0.03399573	-0.2526906	-0.01050639	-0.004916896	-0.0009075901	0.002125727	0.001104221	0.002269757	0.0001460767	0.0723737	-0.2075427	-0.07342196	-0.002487724	-0.003288117	0.0003215741	0.001187903	0.002082947	6.459321E-05	-0.06733756	-0.2621883	-0.08566737	-0.0063315	-0.005017837	0.001228901	0.001104221	0.002269757	0.0001460767	0.03076655	-0.2826159	-0.1072226	-0.01073708	-0.004425869	0.0009824943	0.001187903	0.002082947	6.459321E-05
4593	0.1358425	-0.09261888	0.08803248	-0.1072365	-0.05891086	-0.1173651	0.03836787	-0.5441359	-0.07531643	0.03358325	-0.2521243	-0.01085186	-0.003790793	-0.0005391316	0.001507928	0.001109692	0.001794432	-4.489223E-05	0.072379	-0.2075336	-0.07340765	-0.001864467	-0.002463826	0.0002447569	0.001046741	0.001768283	2.92406E-05	-0.0705933	-0.2641608	-0.08608985	-0.00556256	-0.004256517	0.0008160562	0.001109692	0.001794432	-4.489223E-05	0.02286556	-0.2867821	-0.1042757	-0.01002806	-0.004360949	0.001473584	0.001046741	0.001768283	2.92406E-05
4596	0.1389987	-0.09386837	0.08834839	-0.1030511	-0.05855198	-0.1187632	0.0384262	-0.5454115	-0.07672882	0.03302185	-0.253601	-0.01169443	-0.002983443	-0.0007735101	0.0009203035	0.001034106	0.001287229	-0.0001805754	0.07237763	-0.2075121	-0.07340622	-0.001398693	-0.001842479	0.0001839253	0.0009014994	0.001481549	6.72255E-06	-0.07254572	-0.2666073	-0.08788157	-0.004660026	-0.003804006	0.0001641132	0.001034106	0.001287229	-0.0001805754	0.01906261	-0.2876231	-0.1025589	-0.008471783	-0.003480974	0.001534401	0.0009014994	0.001481549	6.72255E-06
4600	0.1364467	-0.09438543	0.08996391	-0.104782	-0.05766195	-0.1178188	0.03395681	-0.5457706	-0.0762558	0.03394058	-0.2641855	-0.008003235	-0.002007902	-0.003226266	0.001613027	0.001019465	0.0003522331	3.774924E-05	0.07237562	-0.2074444	-0.07340813	-0.001049522	-0.001364947	0.0001374671	0.0007634172	0.001230545	-6.572626E-06	-0.07371892	-0.2683602	-0.0892334	-0.003788319	-0.003291233	-0.0002148734	0.001019465	0.0003522331	3.774924E-05	0.01770234	-0.2880168	-0.1015503	-0.006693904	-0.002709145	0.001402928	0.0007634172	0.001230545	-6.572626E-06
4603	0.1356041	-0.09564276	0.09085298	-0.1056501	-0.05728212	-0.1180241	0.031534	-0.5461409	-0.07655478	0.03338346	-0.2713062	-0.008099318	-0.001645206	-0.004199889	0.001185749	0.0008552728	2.076899E-05	-7.850739E-05	0.07237467	-0.2074009	-0.0734098	-0.0007873783	-0.001012843	0.0001026831	0.0006380989	0.001010934	-1.362547E-05	-0.0744198	-0.2694443	-0.09013844	-0.003016458	-0.002739439	-0.0003874143	0.0008552728	2.076899E-05	-7.850739E-05	0.01718931	-0.2878482	-0.1021733	-0.005148686	-0.001989711	0.0008964494	0.0006380989	0.001010934	-1.362547E-05
4606	0.1351438	-0.09662573	0.0918963	-0.1066047	-0.05702414	-0.1182346	0.03009742	-0.5461733	-0.07659435	0.03256056	-0.2865571	-0.006280899	-0.001439628	-0.00696264	0.001343917	0.000692849	-0.000675111	-1.933874E-05	0.07237482	-0.2073191	-0.07341528	-0.0005904965	-0.0007391732	7.564143E-05	0.0005277946	0.0008266184	-1.697953E-05	-0.07413521	-0.2701393	-0.09091043	-0.002191198	-0.002228327	-0.0004835606	0.000692849	-0.000675111	-1.933874E-05	0.02007034	-0.2866045	-0.1040332	-0.003141256	-0.001181356	0.0002073612	0.0005277946	0.0008266184	-1.697953E-05
4610	0.136965	-0.09845157	0.09398484	-0.1065634	-0.05657032	-0.1177158	0.03081563	-0.546695	-0.07494044	0.03044508	-0.2868934	-0.007466793	-0.001608593	-0.005306052	0.000711464	0.0004773955	-9.218627E-05	-0.0001726172	0.01843865	-0.2356479	-0.03553772	-0.01392691	-0.007636582	0.009526121	-0.002938259	-0.001104388	0.002349885	-0.07507756	-0.2700285	-0.09227347	-0.001878986	-0.001643544	-0.0007034302	0.0004773955	-9.218627E-05	-0.0001726172	0.03145617	-0.2842423	-0.1080601	0.000490515	-0.0002954614	-0.0008512015	-0.002938259	-0.001104388	0.002349885
4613	0.1371872	-0.09956497	0.09458971	-0.1069563	-0.05643822	-0.11759	0.03390002	-0.5472224	-0.07291317	0.03012811	-0.286515	-0.008718014	-0.001285687	-0.003884924	0.0002207928	0.0004387731	0.0002861423	-0.0002521307	0.02528666	-0.2439467	-0.05294442	-0.008733184	-0.007802136	0.002792915	-0.0009052614	-0.00086968	7.911259E-05	-0.07401636	-0.2694412	-0.09324694	-0.001143939	-0.001085852	-0.0007709383	0.0004387731	0.0002861423	-0.0002521307	0.05732375	-0.277949	-0.1149697	0.006834782	0.001351713	-0.002365803	-0.0009052614	-0.00086968	7.911259E-05
4616	0.1385157	-0.1024948	0.09494328	-0.1078499	-0.0562536	-0.1183612	0.03498792	-0.5462971	-0.07186627	0.02409606	-0.2861421	-0.007299662	-0.002472276	-0.002820471	0.0005201827	3.243261E-05	0.0004807199	-0.0001142506	0.06347513	-0.2512082	-0.08824301	0.00299723	-0.007666981	-0.00672996	0.002253657	-0.0006184711	-0.002321384	-0.07238147	-0.2675713	-0.09434915	-0.0004492304	-0.0003469096	-0.000853756	3.243261E-05	0.0004807199	-0.0001142506	0.06753533	-0.2738464	-0.1197491	0.007678979	0.002039454	-0.002969187	0.002253657	-0.0006184711	-0.002321384
4620	0.1382127	-0.1022456	0.09418631	-0.1086628	-0.055668	-0.1189327	0.03534594	-0.5458353	-0.07069898	0.02221627	-0.2804447	-0.00806427	-0.002324156	-0.0006910185	0.0001989849	6.135443E-05	0.0008929031	-0.0001659874	0.07776445	-0.2481387	-0.1095033	0.005820252	-0.004982863	-0.01036254	0.002395999	0.0002071761	-0.002649182	-0.0704536	-0.261988	-0.09482002	0.0001450441	0.001135654	-0.0007580362	6.135443E-05	0.0008929031	-0.0001659874	0.07856445	-0.2691209	-0.1223478	0.008516516	0.002710947	-0.002876581	0.002395999	0.0002071761	-0.002649182
4623	0.1385222	-0.1016697	0.09347868	-0.1104298	-0.05593739	-0.1148691	0.03518541	-0.5453047	-0.0703938	0.02791247	-0.2875115	-0.01086783	-0.000319067	-0.00228496	-0.0005516523	0.0005472881	0.0002711919	-0.0003121498	0.08136226	-0.2053584	-0.1206167	0.005264642	0.006957923	-0.01055025	0.001658096	0.003140579	-0.002033816	-0.0674565	-0.2586498	-0.0994103	0.0008580582	0.001686295	-0.001716095	0.0005472881	0.0002711919	-0.0003121498	0.09485884	-0.2637023	-0.1256423	0.01046098	0.003387867	-0.002981053	0.001658096	0.003140579	-0.002033816
4626	0.1402275	-0.1031733	0.09203076	-0.1105559	-0.05557939	-0.1161518	0.03422571	-0.5446774	-0.07115626	0.03149044	-0.2869756	-0.0147748	0.0006551922	-0.001579736	-0.001390481	0.0006540309	0.0003796999	-0.0004438194	0.08275321	-0.1897982	-0.1308005	0.004296219	0.00910851	-0.01045864	0.001001467	0.002893081	-0.001502459	-0.06545776	-0.2545732	-0.09945726	0.001143228	0.002283864	-0.001298814	0.0006540309	0.0003796999	-0.0004438194	0.1145681	-0.2523108	-0.1332359	0.01277305	0.005388773	-0.004134198	0.001001467	0.002893081	-0.001502459
4630	0.143328	-0.1053553	0.09011936	-0.1106565	-0.05545647	-0.1164649	0.03351714	-0.5444307	-0.07165813	0.03258829	-0.2802086	-0.01880503	0.0007658568	0.0005069339	-0.002050417	0.0005181893	0.0008064425	-0.0004978488	0.08817169	-0.1772817	-0.1376727	0.004576784	0.009960511	-0.009562027	0.0008212412	0.002382811	-0.0009026906	-0.0630812	-0.2513263	-0.100065	0.00145156	0.002524624	-0.001126042	0.0005181893	0.0008064425	-0.0004978488	0.123156	-0.2469135	-0.1359642	0.01172678	0.005390902	-0.003782704	0.0008212412	0.002382811	-0.0009026906
4633	0.1444651	-0.1055274	0.08814645	-0.1108332	-0.05540764	-0.1166618	0.03214203	-0.5442066	-0.0720861	0.03505394	-0.2768271	-0.02216053	0.001190805	0.001225581	-0.002376689	0.0004948791	0.0007844935	-0.0004549545	0.09454049	-0.1660496	-0.1496992	0.005024788	0.01027841	-0.01017816	0.000727932	0.001866582	-0.0008310506	-0.06031056	-0.2468905	-0.1004295	0.001781332	0.003002416	-0.0009356673	0.0004948791	0.0007844935	-0.0004549545	0.1273788	-0.2297881	-0.1312551	0.009850778	0.008324534	-0.001659777	0.000727932	0.001866582	-0.0008310506
4637	0.1454963	-0.1053517	0.08679247	-0.1105244	-0.05588196	-0.1154633	0.0306235	-0.5437803	-0.07248926	0.03636699	-0.2722324	-0.02426696	0.001221367	0.002067879	-0.002309124	0.0003787998	0.0007989447	-0.0003243246	0.0952235	-0.1574274	-0.1545107	0.003939344	0.009864336	-0.008836499	0.0002745879	0.001296419	-0.0002878735	-0.05820028	-0.2421714	-0.101361	0.001863567	0.003431578	-0.0009346259	0.0003787998	0.0007989447	-0.0003243246	0.1275528	-0.2322926	-0.1325934	0.00743158	0.005617268	-0.001579393	0.0002745879	0.001296419	-0.0002878735
4640	0.1483074	-0.1069886	0.08436942	-0.1115197	-0.05555515	-0.1147892	0.02873184	-0.5431457	-0.07322979	0.03635969	-0.265977	-0.02686977	0.0009142	0.003114749	-0.002382547	0.0002073081	0.000860926	-0.0002615992	0.09624244	-0.1539645	-0.1581128	0.003209243	0.008263998	-0.007527881	2.341578E-05	0.0005722297	0.0001112494	-0.05626839	-0.2407994	-0.1026993	0.001880648	0.002916686	-0.00103553	0.0002073081	0.000860926	-0.0002615992	0.1220175	-0.206356	-0.125284	0.004189866	0.0106971	0.0006428142	2.341578E-05	0.0005722297	0.0001112494
4643	0.1497384	-0.1078796	0.08195281	-0.1118129	-0.05533169	-0.1153154	0.02722352	-0.5428901	-0.07409716	0.03756942	-0.2585906	-0.02845144	0.000988082	0.004182666	-0.002182327	0.0001739516	0.0009126737	-0.0001461445	0.09465857	-0.1532994	-0.1595333	0.002010964	0.006364262	-0.006001036	-0.000282008	-4.576176E-05	0.0004651485	-0.05557233	-0.2391283	-0.1021857	0.001584502	0.002605298	-0.0006482593	0.0001739516	0.0009126737	-0.0001461445	0.1301695	-0.2148649	-0.1315403	0.005180398	0.005895618	-0.001081975	-0.000282008	-4.576176E-05	0.0004651485
4646	0.1508634	-0.1082267	0.08079386	-0.1118811	-0.05547507	-0.1146979	0.02614025	-0.5427281	-0.07452869	0.03809954	-0.2554871	-0.02943516	0.0008735924	0.003912858	-0.001882674	0.0001018413	0.0006170533	-3.469512E-05	0.0942232	-0.1517766	-0.1611617	0.001399381	0.005153891	-0.004907876	-0.0003644017	-0.000336914	0.0006221512	-0.05545671	-0.2370987	-0.101809	0.001217281	0.002461365	-0.0003920191	0.0001018413	0.0006170533	-3.469512E-05	0.1311585	-0.2175224	-0.1335406	0.004132539	0.003757323	-0.001311564	-0.0003644017	-0.000336914	0.0006221512
4650	0.1530552	-0.1080816	0.07822299	-0.1121399	-0.05543181	-0.1146598	0.02609689	-0.5423975	-0.07527566	0.03643642	-0.2531048	-0.02870393	0.0002394147	0.003530228	-0.001229198	-8.216349E-05	0.0003671325	0.0001373477	0.09397469	-0.1523812	-0.1615124	0.0009874091	0.003714283	-0.003768586	-0.0003762943	-0.0006125874	0.000751436	-0.05709213	-0.2334135	-0.1004751	0.0005041062	0.002767333	3.947364E-05	-8.216349E-05	0.0003671325	0.0001373477	0.1332386	-0.2218088	-0.1355634	0.003619436	0.001746398	-0.001489359	-0.0003762943	-0.0006125874	0.000751436
4653	0.153781	-0.1078226	0.07662559	-0.1127885	-0.05531012	-0.1141806	0.02584124	-0.5421714	-0.07581687	0.03589284	-0.252555	-0.02823162	4.366615E-05	0.002785127	-0.0008038218	-0.0001105597	8.907408E-05	0.0002093548	0.09343287	-0.1526634	-0.1611674	0.0006051016	0.002715167	-0.002740191	-0.0003777976	-0.0007092198	0.0008206756	-0.05771185	-0.2337052	-0.09972	0.0002231486	0.002002566	0.0002183731	-0.0001105597	8.907408E-05	0.0002093548	0.132584	-0.223333	-0.135751	0.002550925	0.0009287533	-0.001163928	-0.0003777976	-0.0007092198	0.0008206756
4657	0.1545602	-0.1073592	0.07567692	-0.1133966	-0.05506845	-0.1133406	0.0249939	-0.5416642	-0.0762279	0.03485332	-0.2518153	-0.02825642	-0.0002271322	0.002273776	-0.0006090653	-0.0001506194	-6.103214E-05	0.0002057053	0.09202957	-0.1561269	-0.1632216	0.0001030007	0.001170487	-0.002568697	-0.0004088734	-0.0009180847	0.0006583803	-0.05852626	-0.2352755	-0.09948039	-3.62406E-05	0.00110935	0.0002236825	-0.0001506194	-6.103214E-05	0.0002057053	0.1275731	-0.2245713	-0.1346366	0.0006604603	0.0003869933	-0.0005943539	-0.0004088734	-0.0009180847	0.0006583803
4660	0.1555643	-0.1067155	0.07464695	-0.1142783	-0.05468635	-0.1125622	0.02496672	-0.5413915	-0.07638025	0.03402486	-0.2528523	-0.02815962	-0.0003774641	0.001446082	-0.0004325995	-0.0001505475	-0.0002526977	0.0001983954	0.08794242	-0.1617785	-0.1628201	-0.000944537	-0.0005350367	-0.001826149	-0.0005685395	-0.001114944	0.0006794223	-0.05957653	-0.2368057	-0.09812522	-0.0002897464	0.0004494623	0.0005065547	-0.0001505475	-0.0002526977	0.0001983954	0.09120873	-0.2087662	-0.1150374	-0.008595739	0.004241504	0.004454034	-0.0005685395	-0.001114944	0.0006794223
4663	0.1569043	-0.1051839	0.07383609	-0.1145155	-0.05452327	-0.1114228	0.02673403	-0.5408469	-0.07602072	0.03335384	-0.2569842	-0.02946329	-0.0004508535	5.157548E-05	-0.0006503678	-0.000131258	-0.0005381498	9.435447E-05	0.07738854	-0.1691466	-0.1568127	-0.003346873	-0.0022433	0.0001322468	-0.001026989	-0.001263274	0.0009991656	-0.06130746	-0.2394108	-0.09742928	-0.0006500433	-0.0003141846	0.000553902	-0.000131258	-0.0005381498	9.435447E-05	0.0847372	-0.2068076	-0.1117632	-0.008064689	0.00367078	0.004159076	-0.001026989	-0.001263274	0.0009991656
4666	0.1575874	-0.1048675	0.07247043	-0.1154594	-0.05441414	-0.1110029	0.02943099	-0.5404066	-0.07535958	0.03250832	-0.262677	-0.03015471	-0.0005495187	-0.001384528	-0.0006606294	-0.0001231098	-0.0007626383	6.820046E-05	0.06909525	-0.1806532	-0.1515577	-0.004583476	-0.004559122	0.001412931	-0.001079392	-0.001526411	0.001069545	-0.06259693	-0.2407051	-0.09569144	-0.0008099005	-0.0005592135	0.0008498848	-0.0001231098	-0.0007626383	6.820046E-05	0.07610652	-0.2082733	-0.110929	-0.008206187	0.002386673	0.003327864	-0.001079392	-0.001526411	0.001069545
4670	0.1580565	-0.1038995	0.07193351	-0.1163208	-0.05428536	-0.1108811	0.03113382	-0.5401438	-0.07506633	0.03126347	-0.2702357	-0.03130698	-0.0007233517	-0.002928072	-0.0007835412	-0.0001357906	-0.0009578647	2.042238E-05	0.06216268	-0.1856896	-0.1411619	-0.00517075	-0.004678437	0.00365864	-0.0009563627	-0.001174637	0.001363586	-0.0645116	-0.241244	-0.09318233	-0.001086092	-0.0005541203	0.001264693	-0.0001357906	-0.0009578647	2.042238E-05	0.06217772	-0.2102411	-0.1065323	-0.00963684	0.00129805	0.003595067	-0.0009563627	-0.001174637	0.001363586
