3801	0.1358463	-0.09222015	0.09225273	-0.1134742	-0.04465584	-0.1129878	0.02526954	-0.5476522	-0.09524417	0.01824865	-0.2941996	-0.08363318	-0.0001466343	-0.003335212	-0.003852955	-3.218556E-06	-0.000260219	-0.0001731638	0.07297242	0.1274994	-0.190037	-0.001108491	0.008725163	0.003201986	0.0002588652	0.0006833657	0.0002020801	-0.08470303	-0.2449674	-0.1081314	-0.0001775345	-0.0002502823	0.0005743883	-3.218556E-06	-0.000260219	-0.0001731638	0.05497593	-0.219745	-0.1260822	-0.0009117854	-0.0008893133	-0.0001904433	0.0002588652	0.0006833657	0.0002020801
3804	0.1364264	-0.09315372	0.09339213	-0.1134453	-0.04461363	-0.1131456	0.02528229	-0.5473781	-0.0955205	0.01913175	-0.2940603	-0.08176756	0.0001107989	-0.002466607	-0.00242331	6.19444E-05	2.198685E-05	0.0002275384	0.07229468	0.1288265	-0.1895003	-0.001000802	0.00687565	0.002535659	0.0002210711	5.014613E-05	-1.502151E-05	-0.08469509	-0.2457091	-0.1074302	-0.0001311653	-0.0003731381	0.0006060885	6.19444E-05	2.198685E-05	0.0002275384	0.05104148	-0.2130208	-0.1200418	-0.00166745	0.001014067	0.001367251	0.0002210711	5.014613E-05	-1.502151E-05
3807	0.1373411	-0.09500326	0.09422588	-0.1134346	-0.0448246	-0.1133025	0.02535941	-0.5473178	-0.09564209	0.01877484	-0.2920145	-0.0825963	-6.128023E-06	-0.001338488	-0.002024668	1.722656E-05	0.0002985199	0.0002703143	0.07280859	0.1302003	-0.1884284	-0.0006221234	0.005500183	0.002169727	0.0002604729	-0.000306257	-0.0001027492	-0.08467911	-0.2458735	-0.1067393	-9.438046E-05	-0.0003209398	0.0006273006	1.722656E-05	0.0002985199	0.0002703143	0.05195606	-0.2199686	-0.1214793	-0.001021944	-0.000976411	0.0006660819	0.0002604729	-0.000306257	-0.0001027492
3811	0.1374592	-0.09501051	0.09519339	-0.1135353	-0.04494882	-0.1133392	0.02529916	-0.5472764	-0.09536982	0.01931216	-0.2906446	-0.07938528	0.0001297347	-0.0006613926	-0.0007157456	4.68856E-05	0.0003931638	0.0005299663	0.0731635	0.1287999	-0.1893852	-0.0003778654	0.003775061	0.001388102	0.0002564192	-0.0006609734	-0.0002724682	-0.08442883	-0.2462543	-0.1058578	-8.215364E-06	-0.0003359083	0.0006908338	4.68856E-05	0.0003931638	0.0005299663	0.05231529	-0.2221878	-0.1223288	-0.0006766487	-0.001287093	0.0002871901	0.0002564192	-0.0006609734	-0.0002724682
3814	0.1378063	-0.09522979	0.09614372	-0.1134874	-0.0448865	-0.1132224	0.02539354	-0.5469679	-0.09518433	0.01932063	-0.2901036	-0.07786703	9.941884E-05	-0.000360794	-0.0001572468	2.758524E-05	0.0003700225	0.0005370994	0.07314987	0.1274403	-0.1904442	-0.0002868059	0.002491382	0.0007763124	0.0002150793	-0.0008166499	-0.0003572985	-0.08440885	-0.2464913	-0.1055849	-1.165909E-06	-0.0003112006	0.0005863727	2.758524E-05	0.0003700225	0.0005370994	0.05274567	-0.2234501	-0.1229124	-0.0003998927	-0.001280912	6.948039E-05	0.0002150793	-0.0008166499	-0.0003572985
3817	0.1384601	-0.09546781	0.09692502	-0.113416	-0.04494296	-0.1130373	0.02578273	-0.5465255	-0.09478855	0.02250802	-0.3149095	-0.03676414	0.0008714116	-0.006472064	0.01015779	0.0002136871	-0.001250301	0.002981583	0.07368685	0.1389836	-0.2269382	-8.086169E-05	0.004754366	-0.00854127	0.0002127955	-4.674139E-05	-0.002597369	-0.08456039	-0.245933	-0.1045246	-3.876063E-05	-9.382502E-05	0.0007048413	0.0002136871	-0.001250301	0.002981583	0.05453026	-0.2264167	-0.1243658	0.0001462287	-0.001702318	-0.0003112396	0.0002127955	-4.674139E-05	-0.002597369
3820	0.138668	-0.09535269	0.09719849	-0.1133558	-0.04521666	-0.1131229	0.026005	-0.5465083	-0.09460592	0.01708287	-0.299004	-0.04924369	-0.0007027286	-0.0008776728	0.004498454	-0.0002332697	0.0004608723	0.0008213539	0.07903815	0.1151902	-0.2150302	0.00127718	-0.002382566	-0.003428939	0.0004991071	-0.001819289	-0.0006699443	-0.08466405	-0.2458399	-0.1038611	-5.49836E-05	-4.708197E-05	0.0006945108	-0.0002332697	0.0004608723	0.0008213539	0.05252099	-0.2177517	-0.1197908	-0.0003926466	0.000889499	0.0009103238	0.0004991071	-0.001819289	-0.0006699443
3824	0.1389715	-0.09494858	0.09788537	-0.1132608	-0.04520629	-0.1129091	0.0263347	-0.5463533	-0.09429598	0.01579762	-0.2979503	-0.04995537	-0.0008483602	-0.0003948393	0.00319592	-0.0002113602	0.0004663626	0.0002903821	0.0809074	0.1080196	-0.2124412	0.001425199	-0.00357959	-0.001924457	0.0004113349	-0.001663723	-0.0001263379	-0.08484426	-0.2457804	-0.1034935	-8.629136E-05	-2.043267E-05	0.0006127934	-0.0002113602	0.0004663626	0.0002903821	0.05259517	-0.2152147	-0.1193099	-0.0002759405	0.00130137	0.0008029654	0.0004113349	-0.001663723	-0.0001263379
3827	0.1392875	-0.09474831	0.09841847	-0.1132038	-0.0452361	-0.1127753	0.02671732	-0.5460065	-0.09384179	0.01319022	-0.2972309	-0.04716849	-0.001288121	-0.0001162874	0.003093659	-0.0002684602	0.0004194099	0.0001922212	0.07967019	0.09899259	-0.2132726	0.0007595955	-0.00494144	-0.001651184	0.0001421004	-0.001588254	-2.643518E-05	-0.08494706	-0.2454742	-0.1028922	-9.04193E-05	6.120786E-05	0.000609918	-0.0002684602	0.0004194099	0.0001922212	0.05660319	-0.2243129	-0.1249642	0.0007950509	-0.001298508	-0.0008113597	0.0001421004	-0.001588254	-2.643518E-05
3830	0.1394174	-0.09478334	0.09881067	-0.1132616	-0.04534759	-0.1126606	0.02697769	-0.5458806	-0.0935576	0.01251867	-0.2972812	-0.04717159	-0.001133976	-9.977721E-05	0.002319469	-0.0001628091	0.000318685	-4.938152E-05	0.08320716	0.08739351	-0.2126071	0.001453939	-0.006605851	-0.001072032	0.0002801612	-0.001607294	0.0001249618	-0.08496787	-0.2453909	-0.1026978	-7.301498E-05	6.674517E-05	0.0005060163	-0.0001628091	0.000318685	-4.938152E-05	0.05703512	-0.2248521	-0.1253459	0.0007042694	-0.001108677	-0.0007039468	0.0002801612	-0.001607294	0.0001249618
3834	0.1394438	-0.09481731	0.09912872	-0.1132619	-0.04534791	-0.1126869	0.0274435	-0.5456721	-0.09319949	0.01058151	-0.298158	-0.04499078	-0.001334773	-0.0002940364	0.002284806	-0.0001723061	0.0001904489	-4.570204E-05	0.09287959	0.08458737	-0.2062719	0.003508561	-0.005655922	0.0007797909	0.0007237764	-0.0009679879	0.000556677	-0.0849281	-0.2454107	-0.1025643	-4.481843E-05	4.510796E-05	0.0004128908	-0.0001723061	0.0001904489	-4.570204E-05	0.05533567	-0.2201962	-0.1237192	0.0001033401	0.000332463	-0.0001212776	0.0007237764	-0.0009679879	0.000556677
3837	0.139337	-0.09448905	0.09942174	-0.1132572	-0.0453756	-0.1128001	0.02775969	-0.54576	-0.09309077	0.006966831	-0.3022476	-0.04128122	-0.00190475	-0.001242926	0.002640993	-0.0002717236	-9.438561E-05	5.477025E-05	0.09624094	0.0853001	-0.2044606	0.003471759	-0.004063759	0.00103766	0.0005336318	-0.0003279502	0.0004819749	-0.08487098	-0.2452455	-0.1024222	-1.933479E-05	7.514072E-05	0.0003451925	-0.0002717236	-9.438561E-05	5.477025E-05	0.05700934	-0.2250119	-0.1269066	0.0004959223	-0.0009545735	-0.0008878127	0.0005336318	-0.0003279502	0.0004819749
3841	0.1393337	-0.09459485	0.09980965	-0.1132529	-0.04541425	-0.1128159	0.02831981	-0.5455881	-0.09270763	0.005144738	-0.3029881	-0.04030323	-0.001884086	-0.001117326	0.002225243	-0.0001986267	-3.938935E-05	-6.285978E-05	0.09929276	0.08534044	-0.2030203	0.003366775	-0.003037735	0.001138316	0.000373978	1.054336E-05	0.0003866454	-0.08482747	-0.245383	-0.1021268	-3.623243E-06	2.197856E-05	0.0003327445	-0.0001986267	-3.938935E-05	-6.285978E-05	0.05551267	-0.2193764	-0.1255586	-2.226443E-06	0.00069293	-0.0003288549	0.000373978	1.054336E-05	0.0003866454
3844	0.1392208	-0.094391	0.1001601	-0.113165	-0.04557085	-0.1130028	0.028802	-0.5454768	-0.09236431	0.004097957	-0.3035842	-0.04045773	-0.001674759	-0.0009870138	0.001630308	-9.663848E-05	3.036117E-06	-0.0001958785	0.1072339	0.08172624	-0.2004333	0.004510356	-0.003181852	0.001500507	0.0005663786	-2.812169E-05	0.0003805318	-0.08485332	-0.2451616	-0.1021471	-9.180811E-06	7.183429E-05	0.000244492	-9.663848E-05	3.036117E-06	-0.0001958785	0.05667377	-0.2232892	-0.1281435	0.0002886048	-0.0004584893	-0.0008928747	0.0005663786	-2.812169E-05	0.0003805318
3847	0.1389977	-0.0937678	0.1014464	-0.1127857	-0.04587604	-0.1125021	0.02912997	-0.5456339	-0.09172463	0.002450282	-0.3051915	-0.04156566	-0.001667988	-0.001142093	0.0009457485	-7.078613E-05	-3.649259E-05	-0.0003180488	0.1139418	0.07833876	-0.1980691	0.005059754	-0.003233259	0.00171642	0.0005621336	-3.394311E-05	0.000339377	-0.08476499	-0.2451156	-0.1031084	1.519791E-05	6.536079E-05	-5.695695E-05	-7.078613E-05	-3.649259E-05	-0.0003180488	0.05979705	-0.2288553	-0.1320238	0.0009972744	-0.001735397	-0.001639722	0.0005621336	-3.394311E-05	0.000339377
3850	0.1385258	-0.09298385	0.1018565	-0.1124077	-0.04574281	-0.113467	0.02970061	-0.5458474	-0.09149241	0.002022035	-0.3047895	-0.04220772	-0.001358053	-0.0007560536	0.0005487961	2.439429E-05	6.914028E-05	-0.0003377747	0.1199513	0.0741181	-0.1961439	0.005297179	-0.003480108	0.001768623	0.0004809563	-8.716968E-05	0.0002675834	-0.08475976	-0.2453437	-0.1033356	1.270601E-05	-8.00988E-06	-9.952094E-05	2.439429E-05	6.914028E-05	-0.0003377747	0.05794689	-0.2230143	-0.1298151	0.0002854163	0.0001587064	-0.0006776138	0.0004809563	-8.716968E-05	0.0002675834
3854	0.1383879	-0.09310341	0.1018775	-0.1121651	-0.04564141	-0.11361	0.03002332	-0.5461389	-0.09146357	0.0008850247	-0.3043938	-0.04293752	-0.001302792	-0.0004681337	0.0002291473	3.211084E-05	0.0001238352	-0.0003332433	0.1251192	0.07188226	-0.1937237	0.005264863	-0.003169041	0.001931514	0.0003526384	1.238969E-05	0.0002414103	-0.08452176	-0.2449921	-0.1038072	6.902985E-05	8.190944E-05	-0.0001925387	3.211084E-05	0.0001238352	-0.0003332433	0.05925676	-0.2264107	-0.1322036	0.0005415301	-0.0007300681	-0.00110533	0.0003526384	1.238969E-05	0.0002414103
3857	0.1380154	-0.09301466	0.1023099	-0.1118171	-0.04580663	-0.1139541	0.03056219	-0.546457	-0.09143853	0.0007041879	-0.3039842	-0.04448581	-0.001022303	-0.0002486995	-0.0002152121	9.420534E-05	0.0001477349	-0.0003610223	0.1288378	0.07043767	-0.1918216	0.004878312	-0.002737929	0.001924161	0.000167841	0.0001170703	0.0001792196	-0.08440596	-0.2451408	-0.1054325	8.072161E-05	2.425368E-05	-0.0005507289	9.420534E-05	0.0001477349	-0.0003610223	0.0583697	-0.2223785	-0.1299782	0.0001843811	0.0004604938	-0.0002726475	0.000167841	0.0001170703	0.0001792196
3860	0.1376736	-0.09383136	0.1022394	-0.1114809	-0.04585937	-0.1142681	0.03120121	-0.5469629	-0.09170794	-1.524575E-05	-0.3037072	-0.04584908	-0.000946586	-0.0001172566	-0.0005022284	8.958337E-05	0.0001436619	-0.0003425208	0.1323712	0.07132232	-0.1890514	0.004542086	-0.001832284	0.002135667	4.182426E-05	0.000314214	0.0001872912	-0.08450335	-0.2447823	-0.1063826	3.619271E-05	0.0001078058	-0.0006505712	8.958337E-05	0.0001436619	-0.0003425208	0.05734676	-0.216273	-0.1284835	-0.0001174479	0.001871752	0.0001691759	4.182426E-05	0.000314214	0.0001872912
3864	0.1375856	-0.09420037	0.1028013	-0.1108009	-0.04595657	-0.1147118	0.0321283	-0.5474049	-0.09183025	-3.595091E-05	-0.3037685	-0.04813719	-0.0007151158	-0.0001032683	-0.0009486971	0.0001250551	0.0001112435	-0.0003685078	0.1365139	0.07256677	-0.1855452	0.004442229	-0.001063101	0.002478296	6.403858E-06	0.0004279562	0.0002261257	-0.08503713	-0.2443116	-0.1062522	-0.0001062991	0.0001985438	-0.0004553247	0.0001250551	0.0001112435	-0.0003685078	0.05920738	-0.2153901	-0.1278725	0.0003770687	0.001624523	0.0002796486	6.403858E-06	0.0004279562	0.0002261257
3867	0.1370153	-0.09568231	0.1038625	-0.110458	-0.04593547	-0.114455	0.03288924	-0.5476965	-0.09189081	0.0005360041	-0.3020979	-0.04944229	-0.0003933481	0.0003401836	-0.001037799	0.0001742332	0.0001942956	-0.0002986562	0.142987	0.06972472	-0.1816168	0.004949934	-0.001507837	0.002840828	0.0001317291	0.0002097831	0.0002602272	-0.08547528	-0.2439619	-0.1062145	-0.0001892628	0.000236318	-0.000332076	0.0001742332	0.0001942956	-0.0002986562	0.06906961	-0.1952832	-0.1194696	0.002748359	0.006245109	0.002310443	0.0001317291	0.0002097831	0.0002602272
3871	0.1368657	-0.09587148	0.1042383	-0.1102879	-0.04625151	-0.1142588	0.03234086	-0.5477017	-0.092062	0.000343211	-0.3025566	-0.05049849	-0.0003432094	0.0001404733	-0.001042397	0.0001432096	9.579413E-05	-0.0002251418	0.1443867	0.071033	-0.1800122	0.004062382	-0.0008038084	0.00253176	-0.0001230912	0.0003333444	0.0001179035	-0.08630314	-0.2420319	-0.1038539	-0.000348913	0.0006597418	0.0003410886	0.0001432096	9.579413E-05	-0.0002251418	0.0783561	-0.1884351	-0.125344	0.004382893	0.006395875	0.000264233	-0.0001230912	0.0003333444	0.0001179035
3874	0.1369997	-0.09626954	0.1051962	-0.1101301	-0.04634023	-0.1138835	0.02968685	-0.5482588	-0.09260941	-0.0001771636	-0.3029425	-0.05216503	-0.0003875007	8.87741E-06	-0.001198435	9.633438E-05	3.894663E-05	-0.0002078656	0.1454999	0.07188339	-0.1787982	0.00332508	-0.0003902596	0.002202327	-0.0002766438	0.0003533955	6.069306E-06	-0.08885099	-0.2386775	-0.1005614	-0.0008986461	0.001333418	0.001078957	9.633438E-05	3.894663E-05	-0.0002078656	0.08697954	-0.1764499	-0.1376882	0.005443028	0.007793202	-0.002887856	-0.0002766438	0.0003533955	6.069306E-06
3877	0.1367836	-0.09667206	0.1054504	-0.1099824	-0.04637945	-0.1137218	0.02765267	-0.5487554	-0.0930078	-0.0001072632	-0.3025756	-0.05222225	-0.0002731504	9.83747E-05	-0.000913131	0.0001008384	5.158429E-05	-8.457336E-05	0.1475995	0.06959037	-0.1780071	0.003018726	-0.0008659498	0.001849514	-0.0002840714	0.0001461241	-8.365143E-05	-0.09128833	-0.2373399	-0.09831977	-0.001283319	0.001334464	0.00136962	0.0001008384	5.158429E-05	-8.457336E-05	0.09085402	-0.1737837	-0.1387904	0.005050891	0.006511438	-0.002441444	-0.0002840714	0.0001461241	-8.365143E-05
3881	0.1367765	-0.09683506	0.1056576	-0.1098176	-0.04638399	-0.1133897	0.02628169	-0.5485781	-0.0929141	-0.0004528333	-0.3044275	-0.05270386	-0.0002912553	-0.0003891831	-0.0008052496	7.110254E-05	-8.320124E-05	-3.645968E-05	0.1477192	0.07184282	-0.177043	0.00229397	-8.634938E-05	0.001628176	-0.0003942426	0.0003044932	-0.0001180729	-0.09357095	-0.234584	-0.09613419	-0.001533144	0.001689807	0.001573611	7.110254E-05	-8.320124E-05	-3.645968E-05	0.1010196	-0.1663715	-0.1411996	0.006329573	0.006736649	-0.002433388	-0.0003942426	0.0003044932	-0.0001180729
3884	0.1361685	-0.09720069	0.10553	-0.1098596	-0.04609223	-0.113327	0.0251845	-0.5483547	-0.09327888	-0.0003060671	-0.3040802	-0.05286121	-0.0001817499	-0.0002050806	-0.0006432763	8.070325E-05	-1.637531E-05	1.314858E-05	0.14827	0.07167511	-0.1766915	0.001858168	-0.0001066902	0.001308989	-0.0004046324	0.0002232847	-0.0001683514	-0.09451668	-0.2320621	-0.09588599	-0.001386291	0.001897842	0.001242257	8.070325E-05	-1.637531E-05	1.314858E-05	0.112954	-0.1556696	-0.1447623	0.007730776	0.007727949	-0.002715713	-0.0004046324	0.0002232847	-0.0001683514
3887	0.1351077	-0.09733501	0.104625	-0.1102571	-0.04580283	-0.1138906	0.02466021	-0.5484915	-0.09339523	0.02331417	-0.2508853	-0.02319193	0.005768746	0.01314492	0.006934864	0.001548151	0.00332522	0.001904396	0.1240162	0.01086226	-0.2079134	-0.004669813	-0.01528323	-0.006823725	-0.001935469	-0.003626671	-0.002159442	-0.09479013	-0.2302831	-0.09687638	-0.001108081	0.001868122	0.0006840948	0.001548151	0.00332522	0.001904396	0.127236	-0.1417187	-0.147347	0.009368571	0.00928368	-0.002682959	-0.001935469	-0.003626671	-0.002159442
3891	0.1354244	-0.09814943	0.1058044	-0.1096504	-0.04537366	-0.1133547	0.02424467	-0.5488642	-0.09211779	0.02317226	-0.2508156	-0.02279496	0.004291084	0.00987612	0.00530039	0.000791698	0.001676714	0.001019679	0.1239026	0.0104313	-0.2078674	-0.003530769	-0.01157016	-0.00510629	-0.001166841	-0.001791737	-0.001190223	-0.09428151	-0.2295402	-0.09874868	-0.0007039055	0.001586816	4.499586E-05	0.000791698	0.001676714	0.001019679	0.1500963	-0.1174506	-0.1472149	0.0127415	0.0130298	-0.001979198	-0.001166841	-0.001791737	-0.001190223
3894	0.13576	-0.09920982	0.106128	-0.1092411	-0.04574035	-0.1131885	0.02429131	-0.5498313	-0.09101915	0.02292818	-0.2496573	-0.02123046	0.003157292	0.007696675	0.004366418	0.0003103256	0.000712674	0.0005312662	0.1241375	0.005734503	-0.2077615	-0.002589344	-0.009851821	-0.003803253	-0.0006397745	-0.0009142172	-0.000566908	-0.09413327	-0.2280509	-0.1030278	-0.0004908699	0.001562455	-0.001036037	0.0003103256	0.000712674	0.0005312662	0.1525663	-0.1178134	-0.1439986	0.01017364	0.009681641	-0.0006803321	-0.0006397745	-0.0009142172	-0.000566908
3897	0.135905	-0.09991638	0.10653	-0.1082506	-0.04571751	-0.1142077	0.02403954	-0.5503585	-0.09051943	0.02275749	-0.2496442	-0.02118373	0.002325297	0.005775759	0.003286496	2.47454E-05	5.427632E-05	0.0001284691	0.1242685	0.001338556	-0.207612	-0.001909259	-0.008487852	-0.002815068	-0.0003098096	-0.0003446708	-0.0001781347	-0.09529635	-0.2265888	-0.1071932	-0.0006589225	0.001537344	-0.001818381	2.47454E-05	5.427632E-05	0.0001284691	0.1573402	-0.1174078	-0.1386244	0.008823706	0.007362626	0.0008332992	-0.0003098096	-0.0003446708	-0.0001781347
3901	0.1357628	-0.1003865	0.1067936	-0.1074101	-0.04582298	-0.115417	0.02360866	-0.5508373	-0.09021115	0.02299911	-0.2498464	-0.02200294	0.001804376	0.004281281	0.00226007	-0.0001116712	-0.000332912	-0.0001602546	0.1230244	-0.009174436	-0.2080209	-0.001742985	-0.008994138	-0.002213523	-0.0001907889	-0.0003850745	1.678526E-05	-0.09522378	-0.2252778	-0.110199	-0.0004760497	0.00148077	-0.002115221	-0.0001116712	-0.000332912	-0.0001602546	0.1621683	-0.1159728	-0.1337204	0.007824792	0.005880724	0.001850982	-0.0001907889	-0.0003850745	1.678526E-05
3904	0.1351199	-0.1016523	0.1080625	-0.1058761	-0.04595003	-0.1162126	0.02251086	-0.5519121	-0.08938932	0.02302776	-0.2495247	-0.02207017	0.001360447	0.003291386	0.001678244	-0.0001947357	-0.0004971578	-0.0002656475	0.1178589	-0.0259776	-0.2094913	-0.002598613	-0.01094639	-0.002027724	-0.0003569985	-0.0007768697	5.903866E-05	-0.09518024	-0.2258244	-0.1123886	-0.000346152	0.0009739191	-0.002133825	-0.0001947357	-0.0004971578	-0.0002656475	0.1672778	-0.1157521	-0.1268182	0.007145977	0.004465725	0.003113791	-0.0003569985	-0.0007768697	5.903866E-05
3907	0.1343604	-0.1018485	0.1075041	-0.1038718	-0.04520608	-0.1194065	0.02143121	-0.5519525	-0.09008837	0.02292972	-0.248892	-0.02303219	0.0009958239	0.002626712	0.001018178	-0.0002372075	-0.0005390369	-0.000364252	0.1188076	-0.05160405	-0.2238696	-0.001711783	-0.01461641	-0.00511537	-4.60415E-05	-0.001500156	-0.0007276327	-0.09456135	-0.2265738	-0.1139643	-0.0001048915	0.0005431056	-0.001994296	-0.0002372075	-0.0005390369	-0.000364252	0.172078	-0.1148014	-0.1204765	0.006559533	0.003586964	0.003920767	-4.60415E-05	-0.001500156	-0.0007276327
3911	0.1332249	-0.1038564	0.1096034	-0.1020424	-0.04611452	-0.1196601	0.02018636	-0.55405	-0.08808398	0.01395919	-0.2398712	-0.01160192	-0.001495765	0.004225243	0.0036212	-0.0008008028	-4.644971E-06	0.0003775663	0.1282265	-0.06947573	-0.2417233	0.001070894	-0.01543023	-0.008299962	0.0006611383	-0.001328571	-0.001341872	-0.09410338	-0.2262432	-0.1156471	3.582444E-05	0.0004899785	-0.001916411	-0.0008008028	-4.644971E-06	0.0003775663	0.1753777	-0.1163593	-0.1131992	0.005744571	0.002300749	0.004759888	0.0006611383	-0.001328571	-0.001341872
3914	0.1322385	-0.105532	0.1109419	-0.1006383	-0.04607619	-0.1204054	0.01902924	-0.5555609	-0.08715725	0.01229966	-0.2345736	-0.009289742	-0.001536705	0.004493332	0.003293945	-0.0006108371	6.353867E-05	0.0002013611	0.1204528	-0.0827655	-0.2503958	-0.001140248	-0.01489511	-0.00839309	-5.693187E-05	-0.00086265	-0.001029686	-0.09041615	-0.2280095	-0.1182005	0.0009486765	-7.408968E-05	-0.002075674	-0.0006108371	6.353867E-05	0.0002013611	0.1824779	-0.1157507	-0.1009352	0.006083481	0.001877714	0.006635919	-5.693187E-05	-0.00086265	-0.001029686
3917	0.1152562	-0.0798053	0.104773	-0.09827644	-0.04785456	-0.1211758	0.01651942	-0.5563047	-0.08761716	0.0240658	-0.2723342	-0.002425432	0.001789004	-0.006070155	0.004186536	0.0003732994	-0.002593218	0.0003741685	0.1013239	-0.09658177	-0.2914765	-0.005637427	-0.0146254	-0.016565	-0.001166994	-0.0005795602	-0.002815241	-0.08776756	-0.2283044	-0.1218531	0.001373655	-0.0001293057	-0.002469899	0.0003732994	-0.002593218	0.0003741685	0.2130908	-0.1065958	-0.08051062	0.01221583	0.003697013	0.01008309	-0.001166994	-0.0005795602	-0.002815241
3920	0.1144182	-0.08051395	0.1054404	-0.0953173	-0.04910539	-0.1236758	0.01555818	-0.556975	-0.08721662	0.02410596	-0.2710956	-0.001185417	0.001351794	-0.004242962	0.003449906	0.0001706721	-0.001488115	9.646884E-05	0.1181651	-0.1299516	-0.270858	-1.776405E-05	-0.01931152	-0.007269137	0.0005296705	-0.001606198	0.0002125339	-0.08221005	-0.2248693	-0.1253223	0.002419618	0.0007617933	-0.002719731	0.0001706721	-0.001488115	9.646884E-05	0.2220958	-0.1118931	-0.06898475	0.01141313	0.001448422	0.01044379	0.0005296705	-0.001606198	0.0002125339
3924	0.1133457	-0.08135945	0.1059313	-0.093565	-0.05052686	-0.1261756	0.01491843	-0.5584364	-0.08656883	0.02440618	-0.2716282	-0.001208067	0.0010889	-0.003315371	0.002581767	6.228048E-05	-0.0008841887	-0.0001446831	0.09551079	-0.1188058	-0.284843	-0.005676895	-0.01169718	-0.008948082	-0.00101753	0.0006989344	-0.000260336	-0.07660772	-0.2228042	-0.1270297	0.003215296	0.001087633	-0.002466627	6.228048E-05	-0.0008841887	-0.0001446831	0.1929283	-0.1244689	-0.05641508	0.001267973	-0.002057616	0.01097526	-0.00101753	0.0006989344	-0.000260336
3927	0.1126971	-0.08185428	0.1062574	-0.09176167	-0.05086821	-0.1271014	0.01444905	-0.559239	-0.0862174	0.02504014	-0.272365	-0.001380205	0.0009751647	-0.002670744	0.001893291	1.827653E-05	-0.0005019847	-0.0002806314	0.07005602	-0.06358459	-0.3093801	-0.01062136	0.005032418	-0.01284533	-0.001999265	0.004706601	-0.001169565	-0.06932709	-0.2208246	-0.1303399	0.00423163	0.00131063	-0.002677521	1.827653E-05	-0.0005019847	-0.0002806314	0.1883541	-0.1326463	-0.051651	-0.0001925686	-0.003587577	0.009422462	-0.001999265	0.004706601	-0.001169565
3931	0.1122892	-0.0820467	0.1063857	-0.08925239	-0.05043872	-0.1291347	0.01452684	-0.5595921	-0.08591151	0.02570738	-0.2729983	-0.001312494	0.0008981837	-0.002161383	0.001436896	-5.53786E-06	-0.0002491482	-0.0003245723	0.04945663	-0.0673534	-0.3125322	-0.01311587	0.002832111	-0.01042203	-0.002123075	0.002979874	-0.0002713486	-0.0607339	-0.2214694	-0.1336801	0.00532202	0.0008217564	-0.002843202	-5.53786E-06	-0.0002491482	-0.0003245723	0.1845378	-0.1395842	-0.04463482	-0.001098511	-0.004425159	0.008820891	-0.002123075	0.002979874	-0.0002713486
3934	0.1118409	-0.08218779	0.1064787	-0.08717444	-0.0496608	-0.1307724	0.01454566	-0.5599906	-0.08544588	0.02668185	-0.2742463	-0.001651287	0.0009172559	-0.001933023	0.0009929737	6.146561E-07	-0.0001297712	-0.0003544097	0.05030398	-0.07177395	-0.3113089	-0.009625065	0.001018947	-0.007510694	-0.0007196051	0.001781614	0.0005243234	-0.0519063	-0.2199748	-0.1352746	0.006198414	0.0009899677	-0.002531037	6.146561E-07	-0.0001297712	-0.0003544097	0.1903139	-0.1354188	-0.01852465	0.0006201476	-0.00227752	0.01314321	-0.0007196051	0.001781614	0.0005243234
3937	0.1115053	-0.08238581	0.1065793	-0.08605575	-0.04918025	-0.1313834	0.01441071	-0.5603524	-0.08522058	0.02730416	-0.2764468	-0.003874302	0.0008435198	-0.001999903	0.0001889765	-1.797303E-05	-0.0001140485	-0.0004668066	0.06074394	-0.07983533	-0.307301	-0.004608809	-0.001251135	-0.004631066	0.0007143602	0.0007686903	0.001113149	-0.04424834	-0.2189408	-0.1370199	0.0065633	0.001000981	-0.002334584	-1.797303E-05	-0.0001140485	-0.0004668066	0.1830482	-0.1447704	-0.0207231	-0.001351315	-0.004046036	0.009307794	0.0007143602	0.0007686903	0.001113149
3941	0.1112502	-0.08247106	0.106647	-0.08431582	-0.04832163	-0.1324167	0.01456185	-0.5604878	-0.08511496	0.0279466	-0.2786061	-0.004059792	0.0007932483	-0.002039759	9.535998E-05	-2.604765E-05	-9.550033E-05	-0.0003735091	0.04061411	-0.07662295	-0.3114276	-0.008489064	-0.0001352568	-0.004504937	-0.0004342936	0.0008554872	0.0008663945	-0.04122514	-0.217725	-0.138325	0.005678277	0.001054675	-0.002077214	-2.604765E-05	-9.550033E-05	-0.0003735091	0.1785974	-0.1501573	-0.01962328	-0.002126189	-0.004381257	0.007255802	-0.0004342936	0.0008554872	0.0008663945
3944	0.1110508	-0.08257866	0.1067355	-0.08403677	-0.04834437	-0.1325083	0.01440627	-0.5607288	-0.08504415	0.02774843	-0.2811696	-0.004664421	0.0005453954	-0.002170681	-7.963739E-05	-8.149895E-05	-0.0001043558	-0.0003238812	0.05883373	-0.1629828	-0.2718134	-0.001811894	-0.0216914	0.006524848	0.001343572	-0.004747421	0.003407242	-0.03741528	-0.2178222	-0.1408281	0.005211171	0.0007667098	-0.0021837	-8.149895E-05	-0.0001043558	-0.0003238812	0.1777682	-0.1512066	-0.01535034	-0.001801936	-0.003548263	0.006510086	0.001343572	-0.004747421	0.003407242
3947	0.110821	-0.08263054	0.1067989	-0.08276109	-0.04771568	-0.1334331	0.01453209	-0.561	-0.08476543	0.02773358	-0.2825066	-0.00390029	0.0004053338	-0.001962274	0.0001313048	-9.613961E-05	-2.616498E-05	-0.0001901753	0.04685369	-0.1626585	-0.274339	-0.004353931	-0.01618748	0.004262244	0.0003721699	-0.002184584	0.00198978	-0.03756288	-0.2184957	-0.1407435	0.00387148	0.0004066678	-0.001616615	-9.613961E-05	-2.616498E-05	-0.0001901753	0.1774736	-0.1515033	-0.01486087	-0.001425112	-0.002735371	0.005004933	0.0003721699	-0.002184584	0.00198978
3951	0.1106455	-0.08264947	0.1068594	-0.08078584	-0.0476822	-0.1347189	0.01469307	-0.5613304	-0.08468199	0.0278144	-0.2831363	-0.003412247	0.0003242059	-0.001629114	0.0002204893	-9.238669E-05	6.366625E-05	-0.0001203354	0.04590652	-0.1233154	-0.2947419	-0.003502239	-0.002304835	-0.001904044	0.0004920502	0.001832222	-4.92367E-05	-0.03657433	-0.2181527	-0.1424251	0.003150745	0.0003907384	-0.001632853	-9.238669E-05	6.366625E-05	-0.0001203354	0.1757101	-0.153498	-0.01165152	-0.001509692	-0.0025502	0.004556037	0.0004920502	0.001832222	-4.92367E-05
3954	0.1103005	-0.08257493	0.1067777	-0.0797813	-0.04751937	-0.1347663	0.01492837	-0.5618463	-0.08416915	0.0314558	-0.2957037	-0.005478621	0.001153503	-0.004363685	-0.0003512265	0.0001380342	-0.0006358933	-0.0002331805	0.06523339	-0.08399622	-0.3049951	0.002205039	0.008101167	-0.003991331	0.001795857	0.003975667	-0.0005587492	-0.03507005	-0.2171478	-0.1453471	0.002739131	0.0005442837	-0.001955154	0.0001380342	-0.0006358933	-0.0002331805	0.1706174	-0.1590157	-0.01736546	-0.002405454	-0.003292084	0.001988543	0.001795857	0.003975667	-0.0005587492
3957	0.1100955	-0.0826439	0.1067889	-0.07891776	-0.04730003	-0.1356616	0.01495454	-0.5619913	-0.0842402	0.03179528	-0.2935824	-0.002546072	0.0009499976	-0.002742454	0.0004697173	5.264935E-05	-7.161207E-05	3.035059E-05	0.0590949	-0.08197746	-0.306829	0.000119156	0.006580567	-0.003451977	0.0008254221	0.0026016	-0.0002842234	-0.03413664	-0.2159763	-0.1472836	0.0022877	0.0007010914	-0.001950474	5.264935E-05	-7.161207E-05	3.035059E-05	0.1676559	-0.162109	-0.01744509	-0.002544455	-0.003242373	0.001471499	0.0008254221	0.0026016	-0.0002842234
3961	0.109949	-0.08262397	0.1068473	-0.07784944	-0.04685794	-0.135726	0.01521893	-0.5621015	-0.08415508	0.03155852	-0.2850561	0.009017944	0.0006533099	7.474096E-05	0.003243292	-3.468491E-05	0.0006505897	0.0007161566	0.05586166	-0.08477075	-0.3066461	-0.0007189437	0.0042371	-0.002543266	0.0004095417	0.001365334	1.401018E-05	-0.03239258	-0.2141453	-0.1508393	0.002151791	0.0009835748	-0.0023518	-3.468491E-05	0.0006505897	0.0007161566	0.1649632	-0.1648716	-0.01455498	-0.002581523	-0.003122445	0.001826152	0.0004095417	0.001365334	1.401018E-05
3964	0.1095171	-0.08259167	0.106761	-0.07712704	-0.04654489	-0.1358039	0.01631977	-0.5617431	-0.08353829	0.03395272	-0.2794136	0.01497364	0.00108853	0.001466674	0.003921393	8.279145E-05	0.0008359256	0.0007066428	0.06363033	-0.1577489	-0.273679	0.001402959	-0.01506671	0.006334323	0.000837632	-0.003801952	0.002229905	-0.03030054	-0.2110393	-0.1537423	0.002136851	0.001514162	-0.002489596	8.279145E-05	0.0008359256	0.0007066428	0.1652438	-0.1639579	-0.02623796	-0.001865995	-0.00211341	-0.001551133	0.000837632	-0.003801952	0.002229905
3967	0.1092024	-0.08264484	0.1067584	-0.07626355	-0.0461046	-0.1355689	0.01661947	-0.5617486	-0.08348727	0.03664274	-0.2678438	0.02655864	0.001488903	0.00399247	0.005837294	0.0001621868	0.001258393	0.001008957	0.07095742	-0.1268998	-0.2878475	0.002883993	-0.003587754	0.001208617	0.0009984825	1.827488E-05	0.0003910023	-0.02690183	-0.2056941	-0.1570382	0.002452318	0.002471943	-0.002691171	0.0001621868	0.001258393	0.001008957	0.1643231	-0.1649851	-0.02389336	-0.001629675	-0.001841853	-0.0005771975	0.0009984825	1.827488E-05	0.0003910023
3971	0.1087367	-0.08277151	0.1066439	-0.07509386	-0.04549666	-0.1351283	0.0172748	-0.5616527	-0.08312058	0.0395618	-0.2521675	0.03843069	0.001846443	0.006913417	0.007345984	0.0002110251	0.001674032	0.00113389	0.066199	-0.1418685	-0.2816355	0.0009733904	-0.006433	0.002459462	0.0002712111	-0.0006976054	0.0006059629	-0.02465671	-0.2025526	-0.160043	0.002400517	0.002639312	-0.002769576	0.0002110251	0.001674032	0.00113389	0.1734086	-0.1537447	-0.03706193	0.001049128	0.001428723	-0.003725041	0.0002712111	-0.0006976054	0.0006059629
3974	0.1081391	-0.08285515	0.1065414	-0.07359896	-0.04514509	-0.1344333	0.01846215	-0.5615726	-0.08270001	0.03871967	-0.2212367	0.04678345	0.001174299	0.01291776	0.007597677	-9.767115E-06	0.00275661	0.0009133411	0.07978607	-0.1560392	-0.2701275	0.004126809	-0.008367412	0.004721593	0.0009917631	-0.001006807	0.001020005	-0.01365577	-0.191025	-0.168715	0.004550624	0.004861398	-0.004245182	-9.767115E-06	0.00275661	0.0009133411	0.167023	-0.1594969	-0.04339576	-0.0008095526	-0.0003665164	-0.004377238	0.0009917631	-0.001006807	0.001020005
3977	0.1075512	-0.08306672	0.1065142	-0.0726355	-0.04212229	-0.1338689	0.02057178	-0.5592425	-0.08152461	0.04285914	-0.2180115	0.05440831	0.001915593	0.01049462	0.007604474	0.0001779982	0.001461671	0.000686705	0.08694229	-0.1411251	-0.2762196	0.004884161	-0.00254705	0.002018177	0.0009331602	0.0006999852	8.914969E-05	-0.003991693	-0.1871656	-0.1785848	0.005828986	0.004610899	-0.00565134	0.0001779982	0.001461671	0.000686705	0.178804	-0.1450796	-0.04835844	0.002338087	0.003329447	-0.004523599	0.0009331602	0.0006999852	8.914969E-05
3981	0.1074424	-0.08315836	0.1065886	-0.07292535	-0.0397208	-0.1329513	0.02106612	-0.5590421	-0.08159494	0.04641895	-0.2141227	0.0630126	0.002326646	0.00884317	0.007854427	0.0002362619	0.0006833915	0.0005775171	0.09245269	-0.1138927	-0.2870681	0.005040722	0.004897826	-0.001198498	0.0007390104	0.002386208	-0.0007373064	0.00462532	-0.1815958	-0.1851647	0.006525993	0.004850628	-0.005883474	0.0002362619	0.0006833915	0.0005775171	0.2058342	-0.1078531	0.007909536	0.0085111	0.0118037	0.0106743	0.0007390104	0.002386208	-0.0007373064
3984	0.1073341	-0.0832786	0.1066685	-0.07544003	-0.04053125	-0.1313307	0.02148096	-0.558391	-0.08169103	0.06993513	-0.2966048	0.04404974	0.007624029	-0.01398815	0.001150105	0.001501542	-0.005195286	-0.001242943	0.07835548	-0.003432259	-0.2284167	0.0002562376	0.03128847	0.01376399	-0.0006418632	0.008387318	0.003187642	0.01276089	-0.1654468	-0.1913955	0.006928388	0.007675217	-0.005970313	0.001501542	-0.005195286	-0.001242943	0.2234304	-0.09547194	0.03935719	0.01078239	0.01194807	0.01586763	-0.0006418632	0.008387318	0.003187642
3987	0.1142068	-0.1304987	0.1452792	-0.07571487	-0.0384569	-0.1310501	0.02231727	-0.5581986	-0.08151793	0.06570751	-0.2319466	0.02482414	0.004661118	0.005673431	-0.00394382	0.0003854287	0.00101893	-0.002205689	0.08961153	-0.00111644	-0.2241051	0.003006192	0.02404531	0.01140088	0.0002060911	0.004479697	0.001799955	0.01584688	-0.1486948	-0.1954536	0.005967787	0.009944421	-0.005492265	0.0003854287	0.00101893	-0.002205689	0.2705857	-0.09869285	0.07838416	0.01987561	0.008155823	0.02165747	0.0002060911	0.004479697	0.001799955
3991	0.1149232	-0.1282296	0.1452303	-0.07594688	-0.03767206	-0.1316071	0.02217804	-0.5572138	-0.08218217	0.06896226	-0.2279107	0.03123116	0.004309526	0.005264053	-0.00135611	0.0002011735	0.0006618532	-0.001007339	0.08790228	0.001291268	-0.2248063	0.001827331	0.01863591	0.008375364	-0.0001401469	0.002007423	0.0005935866	0.01803081	-0.1404788	-0.2015796	0.005021823	0.009512292	-0.005650681	0.0002011735	0.0006618532	-0.001007339	0.2857513	-0.05062047	0.1097629	0.01869811	0.01813496	0.02408779	-0.0001401469	0.002007423	0.0005935866
3994	0.1153911	-0.1229014	0.1445298	-0.07982396	-0.04078501	-0.1325369	0.02240295	-0.5570445	-0.08241463	0.08227925	-0.2174759	0.04132247	0.006561392	0.006556749	0.001505744	0.0007138466	0.0008195639	-4.004064E-05	0.09111771	0.01948853	-0.2226009	0.002174356	0.01852625	0.006832866	-1.835384E-05	0.001478152	5.956535E-05	0.0223182	-0.1209796	-0.2140231	0.004838215	0.01200904	-0.007348896	0.0007138466	0.0008195639	-4.004064E-05	0.2758953	-0.07157387	0.1212716	0.01155958	0.008362873	0.02094302	-1.835384E-05	0.001478152	5.956535E-05
3997	0.1158477	-0.1161928	0.1454129	-0.0824857	-0.0417891	-0.1325996	0.02334822	-0.5562113	-0.08205366	0.08811396	-0.2066277	0.0455215	0.00637972	0.007629618	0.002179065	0.0004899671	0.0008828901	0.0001382998	0.09870258	0.06474428	-0.2947366	0.003526984	0.02520862	-0.01290927	0.0003243917	0.002779208	-0.004890861	0.02768666	-0.113412	-0.2176831	0.004970775	0.01089867	-0.006426663	0.0004899671	0.0008828901	0.0001382998	0.2718071	-0.06921589	0.1303649	0.007647634	0.00686165	0.01798058	0.0003243917	0.002779208	-0.004890861
4001	0.1113888	-0.09760678	0.1376638	-0.08413029	-0.04365197	-0.1330652	0.02422238	-0.5554705	-0.08184934	0.0913175	-0.2122152	0.06694961	0.005585677	0.004325334	0.006991326	0.0001689646	-0.0001639035	0.00130679	0.09384234	0.08826631	-0.2957776	0.001430177	0.02478698	-0.009942189	-0.000280908	0.001978994	-0.002926374	0.03592947	-0.08892886	-0.2280467	0.005788785	0.01429479	-0.007410892	0.0001689646	-0.0001639035	0.00130679	0.2502639	-0.05836387	0.1386323	0.0003499174	0.007859243	0.01555229	-0.000280908	0.001978994	-0.002926374
4004	0.1107054	-0.094905	0.1359923	-0.08838741	-0.04873951	-0.1357665	0.02650651	-0.5512419	-0.07931304	0.08830035	-0.2094451	0.07402658	0.003434969	0.003936531	0.007012739	-0.0004109537	-0.0002201281	0.0009854459	0.06814662	0.09290398	-0.2552483	-0.005351297	0.01974965	0.002675671	-0.001906049	0.0002249134	0.0009596841	0.04283388	-0.07072826	-0.2343531	0.006067691	0.01527124	-0.007134772	-0.0004109537	-0.0002201281	0.0009854459	0.24471	-0.05821	0.1590555	-0.001126037	0.0059329	0.01677001	-0.001906049	0.0002249134	0.0009596841
4007	0.1102957	-0.09223856	0.1350896	-0.0979128	-0.05687164	-0.1388991	0.0273998	-0.5976652	-0.09882331	0.1176344	-0.181104	0.07028198	0.009909729	0.01003766	0.004323403	0.001310475	0.001360186	6.675057E-05	0.01991136	0.1149222	-0.2660241	-0.01607229	0.02031679	-0.0006871978	-0.004109785	0.0003104705	-0.0001209541	0.0531864	-0.04611744	-0.2374899	0.007138899	0.01760614	-0.006135297	0.001310475	0.001360186	6.675057E-05	0.195939	-0.05117163	0.1184969	-0.01303727	0.006209266	0.002437863	-0.004109785	0.0003104705	-0.0001209541
4011	0.1099359	-0.089368	0.1344571	-0.09968473	-0.05886197	-0.1409676	0.02762504	-0.5970328	-0.09853625	0.1564143	-0.1697637	0.01824188	0.01712728	0.01036333	-0.009767473	0.002787244	0.001101557	-0.003472656	-0.06251552	0.1539421	-0.2618978	-0.03266094	0.02499257	0.0005161793	-0.0072295	0.001401798	0.0002101287	0.05813232	-0.03529462	-0.2382002	0.006590654	0.01591031	-0.004779035	0.002787244	0.001101557	-0.003472656	0.195075	-0.05813793	0.1187067	-0.009993959	0.002915375	0.00188085	-0.0072295	0.001401798	0.0002101287
4014	0.1099984	-0.08723137	0.1344681	-0.1039479	-0.0603352	-0.145112	0.02703454	-0.5939706	-0.09886646	0.1567955	-0.1695798	0.01757193	0.01294077	0.007818457	-0.007493094	0.001043807	0.0001899495	-0.002035897	-0.06673291	0.1583329	-0.2627008	-0.02555005	0.01984213	0.000186386	-0.003644404	-0.000236262	7.514819E-05	0.06675148	-0.02740149	-0.2369354	0.007097781	0.01390601	-0.003268074	0.001043807	0.0001899495	-0.002035897	0.1955365	-0.06135578	0.1164923	-0.007380097	0.00138207	0.0008570293	-0.003644404	-0.000236262	7.514819E-05
4017	0.1099184	-0.08480704	0.1347468	-0.1049191	-0.0660679	-0.1465361	0.02697381	-0.5948437	-0.09918475	0.158436	-0.1688813	0.01371765	0.01011571	0.00603848	-0.006583389	7.65876E-05	-0.000302532	-0.001299497	-0.09133799	0.1700777	-0.2576649	-0.02531381	0.0178178	0.001398759	-0.002674243	-0.000683279	0.0003594544	0.07290168	-0.01703666	-0.2360482	0.006860886	0.01302072	-0.002229266	7.65876E-05	-0.000302532	-0.001299497	0.1950073	-0.06353083	0.1169038	-0.005667365	0.0004927884	0.0007456496	-0.002674243	-0.000683279	0.0003594544
4021	0.1095937	-0.08372629	0.1348431	-0.1034034	-0.07802171	-0.1494975	0.02818508	-0.5966859	-0.0992198	0.1618066	-0.1651165	0.01640821	0.008429414	0.005470051	-0.004264903	-0.0003641322	-0.0003690062	-0.0003950011	-0.1035018	0.1637038	-0.2571831	-0.0220263	0.01176988	0.00116953	-0.001183806	-0.002024439	0.0002122836	0.08070093	0.003234938	-0.2339737	0.007095478	0.01483344	-0.00115333	-0.0003641322	-0.0003690062	-0.0003950011	0.1970583	-0.06476332	0.1117668	-0.003737778	6.14688E-05	-0.0007250045	-0.001183806	-0.002024439	0.0002122836
4024	0.1092125	-0.08311363	0.1349051	-0.1026252	-0.08279292	-0.1501017	0.02947561	-0.5989594	-0.09930396	0.1706031	-0.1555947	0.01808476	0.008521184	0.006483003	-0.002779538	-0.0002501565	-2.351688E-05	7.509056E-05	-0.111772	0.1555374	-0.2588267	-0.01858729	0.006785804	0.0004662331	-2.81019E-05	-0.002764348	-1.661156E-05	0.08530822	0.01042882	-0.2320333	0.00647343	0.01292355	-0.0003798751	-0.0002501565	-2.351688E-05	7.509056E-05	0.197817	-0.06511743	0.1095417	-0.002613653	-4.24262E-05	-0.001100044	-2.81019E-05	-0.002764348	-1.661156E-05
4027	0.109163	-0.0829111	0.1349165	-0.1034157	-0.0870651	-0.1505537	0.02941849	-0.600596	-0.09917259	0.1740262	-0.1490555	0.02767062	0.007246662	0.006497051	0.0003118112	-0.000506248	-1.412565E-05	0.0008291551	-0.1154445	0.1525262	-0.2589979	-0.01485858	0.00433655	0.0003068787	0.000911103	-0.002685575	-5.229728E-05	0.09097485	0.01647763	-0.2294023	0.00627173	0.01120486	0.000372831	-0.000506248	-1.412565E-05	0.0008291551	0.1975833	-0.0653948	0.1099234	-0.002018652	-0.0001011622	-0.0007296056	0.000911103	-0.002685575	-5.229728E-05
4031	0.109545	-0.08250116	0.1350927	-0.1018146	-0.09689978	-0.1517179	0.02745114	-0.6028217	-0.0998466	0.1830371	-0.129143	0.04756212	0.007687732	0.009850893	0.005206733	-0.0002694186	0.0008278664	0.001845597	-0.115262	0.1443725	-0.2638044	-0.01109832	0.001213993	-0.0009714706	0.00162339	-0.00279482	-0.0003588103	0.09261647	0.03014521	-0.227211	0.005114201	0.01182054	0.0008274495	-0.0002694186	0.0008278664	0.001845597	0.1998098	-0.0406788	0.1798875	-0.0009573676	0.00610313	0.01694384	0.00162339	-0.00279482	-0.0003588103
4034	0.109946	-0.08201493	0.1350808	-0.1035139	-0.1051431	-0.1514437	0.02493405	-0.606227	-0.09986877	0.1740962	-0.1360524	0.05712795	0.003530572	0.005660842	0.006296508	-0.001241354	-0.000426613	0.001656641	-0.1150247	0.1462199	-0.2628524	-0.008264409	0.001372338	-0.0004906016	0.001926021	-0.002056529	-0.0001488905	0.09659779	0.04188898	-0.2234676	0.004830982	0.01180135	0.00155644	-0.001241354	-0.000426613	0.001656641	0.1968138	-0.04895024	0.1789076	-0.001467036	0.002509487	0.0124629	0.001926021	-0.002056529	-0.0001488905
4037	0.110202	-0.0811376	0.1350574	-0.1046495	-0.1138456	-0.1516848	0.02309001	-0.6117671	-0.09982347	0.1684123	-0.1407678	0.06132936	0.001226951	0.003066782	0.005772734	-0.001506921	-0.0009684748	0.001111537	-0.1140635	0.1471996	-0.2627072	-0.005958011	0.001274184	-0.000331652	0.002021116	-0.001566935	-7.193045E-05	0.1005565	0.05135699	-0.2195079	0.004612923	0.01121801	0.002157244	-0.001506921	-0.0009684748	0.001111537	0.1976014	-0.03852102	0.1551628	-0.0009033808	0.00448942	0.003410973	0.002021116	-0.001566935	-7.193045E-05
4041	0.110523	-0.08022723	0.1349323	-0.1078331	-0.1233624	-0.151644	0.02041152	-0.6181306	-0.09941959	0.1634943	-0.1234647	0.09289813	-0.0003092967	0.006625849	0.01222174	-0.001514252	0.0001634107	0.002445905	-0.1069944	0.1410483	-0.2690868	-0.002701227	-0.0005821917	-0.00184364	0.002330033	-0.001639295	-0.0004319449	0.1039615	0.06401639	-0.2142432	0.004310928	0.01157836	0.002934122	-0.001514252	0.0001634107	0.002445905	0.221053	-0.01148024	0.05989575	0.005185382	0.01012726	-0.02125853	0.002330033	-0.001639295	-0.0004319449
4044	0.1041568	-0.1393485	0.08582783	-0.1075217	-0.1446361	-0.1509655	0.01726241	-0.6342452	-0.1009884	0.1475935	-0.05348207	0.1521749	-0.004207163	0.02246504	0.02398551	-0.002110156	0.004082357	0.004775371	-0.1042551	0.12998	-0.2757757	-0.001341107	-0.003203715	-0.003054938	0.002087554	-0.001884852	-0.0006267832	0.1099582	0.07844263	-0.2064908	0.004732376	0.01229033	0.004138696	-0.002110156	0.004082357	0.004775371	0.2222186	-0.001857609	0.05682278	0.004180432	0.0100011	-0.01671215	0.002087554	-0.001884852	-0.0006267832
4047	0.117859	-0.1272117	0.1603239	-0.1015483	-0.1532506	-0.1501765	0.02131081	-0.6412393	-0.1007462	0.2294666	-0.03334552	0.004852295	0.0173129	0.02188292	-0.01884153	0.003797397	0.002916237	-0.007125232	-0.1081836	0.1345173	-0.2720172	-0.001987947	-0.001268458	-0.001351596	0.001403956	-0.0009298248	-4.425188E-05	0.1240163	0.09757814	-0.2020879	0.007063803	0.01400163	0.004204741	0.003797397	0.002916237	-0.007125232	0.2139558	0.01231512	0.1112897	0.001069628	0.01104401	0.001082631	0.001403956	-0.0009298248	-4.425188E-05
4051	0.1260016	-0.1290715	0.1570592	-0.09070777	-0.1542187	-0.1501856	0.03193811	-0.6412355	-0.1003311	0.2102861	-0.01281561	0.0798955	0.008189549	0.02154467	0.004629652	0.0005672115	0.002102614	0.0005238722	-0.07620636	0.09135035	-0.2903841	0.006503352	-0.01174309	-0.005605401	0.003175792	-0.003316027	-0.00109664	0.1573697	0.1252356	-0.2109618	0.0136362	0.01741558	0.0009350711	0.0005672115	0.002102614	0.0005238722	0.2179194	0.04477429	0.05387092	0.001793119	0.0163978	-0.01354273	0.003175792	-0.003316027	-0.00109664
4054	0.1300366	-0.1325934	0.1550779	-0.08407769	-0.1532612	-0.1484025	0.03583919	-0.6429686	-0.09940624	0.2070567	0.0001779348	0.08698678	0.005334817	0.01940689	0.00524506	-0.0002882743	0.001042516	0.0005467561	0.03460377	0.1338312	-0.2591658	0.03258005	0.001812887	0.003600522	0.008901018	0.0009019745	0.001479001	0.1641284	0.1334699	-0.2052379	0.01191682	0.01512026	0.002132292	-0.0002882743	0.001042516	0.0005467561	0.2187178	0.04964355	0.04718375	0.001544429	0.01351566	-0.01182884	0.008901018	0.0009019745	0.001479001
4057	0.134715	-0.1365912	0.1542518	-0.07723615	-0.1480966	-0.1478868	0.04003629	-0.644672	-0.1006489	0.2069992	0.02773291	0.0831244	0.003986744	0.02144391	0.0029682	-0.0005532239	0.001291142	-0.000159148	0.1087904	0.1438536	-0.1554065	0.04298169	0.003865266	0.02864021	0.009276174	0.001189576	0.007369173	0.1976681	0.1535171	-0.1842778	0.01732254	0.01635201	0.006839242	-0.0005532239	0.001291142	-0.000159148	0.2098582	0.09065324	0.0463469	-0.001056568	0.02038917	-0.009080842	0.009276174	0.001189576	0.007369173
4061	0.1351813	-0.1303299	0.1561415	-0.0758948	-0.1438456	-0.1458812	0.04048419	-0.6441999	-0.1003118	0.2131376	0.06799994	0.04374886	0.004524654	0.02614969	-0.007617736	-0.0002804404	0.002144802	-0.002765845	0.155554	0.1262263	-0.1256106	0.04392716	-0.001507868	0.02892913	0.007193497	-0.0004511018	0.005599109	0.2147038	0.1694331	-0.1689134	0.01725084	0.016243	0.008970533	-0.0002804404	0.002144802	-0.002765845	0.2204775	0.1127573	0.009639263	0.001862398	0.02081789	-0.01598754	0.007193497	-0.0004511018	0.005599109
4064	0.1390741	-0.03439285	0.1770301	-0.07108262	-0.04487571	-0.1183524	0.04273789	-0.5576591	-0.07606435	0.2122835	0.08316506	0.02548599	0.003179965	0.02340355	-0.01027902	-0.0005465027	0.0009220658	-0.002739704	0.1739922	0.1236907	-0.09839821	0.03755493	-0.001764804	0.02849995	0.003802067	-0.0004025603	0.004092035	0.2383421	0.1743906	-0.1289592	0.01884771	0.01342161	0.01671645	-0.0005465027	0.0009220658	-0.002739704	0.212023	0.1229596	-0.03869343	-0.0007168381	0.01816398	-0.02407383	0.003802067	-0.0004025603	0.004092035
4067	0.1438584	-0.02197534	0.1742234	-0.06639303	-0.03823382	-0.1151958	0.04442336	-0.5543232	-0.07505059	0.2043084	0.1099713	-0.02460313	0.0003911944	0.02425421	-0.02023154	-0.00110707	0.0009042146	-0.00454291	0.1872547	0.1312092	-0.03856254	0.03148183	0.0005560297	0.03633388	0.001333274	0.0002782881	0.005027509	0.2429721	0.1800184	-0.1083999	0.01529328	0.01147318	0.01767716	-0.00110707	0.0009042146	-0.00454291	0.257616	0.1708857	-0.05970502	0.01086063	0.02560452	-0.02330827	0.001333274	0.0002782881	0.005027509
4071	0.1480806	-0.01613013	0.1690614	-0.06157213	-0.03719196	-0.1122143	0.04496957	-0.5555335	-0.07516241	0.2018397	0.1130366	-0.03682923	-0.0003237842	0.01895699	-0.01823018	-0.001009047	-0.0006461449	-0.002906842	0.1818196	0.1380525	-0.04130602	0.02225259	0.002127847	0.02656454	-0.001307355	0.0006016704	0.001328297	0.2441283	0.1843073	-0.0960176	0.01175901	0.009677099	0.01635344	-0.001009047	-0.0006461449	-0.002906842	0.2546588	0.170347	-0.06968808	0.007406171	0.01906872	-0.01997697	-0.001307355	0.0006016704	0.001328297
4074	0.149665	-0.01386918	0.1659491	-0.0584497	-0.0357995	-0.1092534	0.04382373	-0.557063	-0.07420135	0.2000461	0.1153945	-0.04090309	-0.0006912253	0.01480723	-0.0146911	-0.0008486454	-0.001522049	-0.001295361	0.1827852	0.1360686	-0.04444981	0.01693083	0.001099908	0.01913746	-0.002310956	0.000194268	-0.0008605474	0.2441781	0.1850061	-0.09412622	0.008831711	0.007432514	0.01273792	-0.0008486454	-0.001522049	-0.001295361	0.222368	0.1503659	-0.05677176	-0.002518064	0.00930627	-0.01175364	-0.002310956	0.000194268	-0.0008605474
4077	0.1489611	-0.0153949	0.1630626	-0.05813111	-0.03799479	-0.1078568	0.04221787	-0.5581979	-0.07373834	0.2005103	0.1146257	-0.04074836	-0.0004023836	0.01091321	-0.01097964	-0.0005642737	-0.00211504	-4.365609E-05	0.1800044	0.138146	-0.0506537	0.01200292	0.001344266	0.01280212	-0.002965194	0.0002067905	-0.002229245	0.2442155	0.1854249	-0.0929687	0.006633134	0.0056791	0.009842823	-0.0005642737	-0.00211504	-4.365609E-05	0.220225	0.1534067	-0.05425453	-0.002424305	0.0077399	-0.008185928	-0.002965194	0.0002067905	-0.002229245
4081	0.1498476	-0.0149921	0.1610909	-0.05857112	-0.0381307	-0.1071987	0.04117449	-0.558687	-0.07390141	0.2003558	0.1147451	-0.041363	-0.0003404153	0.008214757	-0.008388394	-0.0004077132	-0.002260894	0.0006150706	0.1774892	0.1394834	-0.05694294	0.008373405	0.001342552	0.008029279	-0.003131275	0.0001546644	-0.002865144	0.2444274	0.1853773	-0.09238243	0.005027809	0.004247411	0.007528685	-0.0004077132	-0.002260894	0.0006150706	0.2212987	0.1546029	-0.05093241	-0.00154981	0.006103984	-0.005308915	-0.003131275	0.0001546644	-0.002865144
4084	0.1501122	-0.01602043	0.1591544	-0.0592106	-0.04027073	-0.1069329	0.04008671	-0.5606821	-0.07400417	0.1991646	0.1154289	-0.04730272	-0.0005531074	0.006332017	-0.007776226	-0.0003589579	-0.002166355	0.0006143448	0.1776549	0.1334873	-0.07210636	0.006321467	-0.0004921058	0.002231104	-0.002861441	-0.0003426661	-0.003598402	0.2449139	0.1855024	-0.0904994	0.003892495	0.003216851	0.006117271	-0.0003589579	-0.002166355	0.0006143448	0.2228723	0.153973	-0.0467484	-0.0007689446	0.004420505	-0.002935684	-0.002861441	-0.0003426661	-0.003598402
4087	0.1510277	-0.01478316	0.15627	-0.05929677	-0.04073666	-0.1059551	0.03920813	-0.5606254	-0.07373309	0.1994879	0.1133269	-0.05278158	-0.000333988	0.004223512	-0.007201884	-0.0002144386	-0.002151893	0.0006043441	0.1777719	0.1357224	-0.06644344	0.00477037	0.0001896918	0.003089058	-0.002533855	-8.655016E-05	-0.002484313	0.2458188	0.1850208	-0.08870959	0.003145601	0.002292233	0.005035406	-0.0002144386	-0.002151893	0.0006043441	0.2653378	0.1574326	-0.05401635	0.01003966	0.00418028	-0.004018751	-0.002533855	-8.655016E-05	-0.002484313
4091	0.1519378	-0.01446339	0.1547642	-0.05937177	-0.04104234	-0.1046064	0.0387504	-0.5605204	-0.07313824	0.1994308	0.1125376	-0.05555654	-0.0002647701	0.002970313	-0.006095151	-0.0001435244	-0.00192722	0.0007299412	0.1771328	0.1370687	-0.06513238	0.003417996	0.0004788414	0.002644559	-0.002238485	7.374772E-06	-0.001974359	0.2461063	0.1846142	-0.08881164	0.002431058	0.001617523	0.003751043	-0.0001435244	-0.00192722	0.0007299412	0.2369445	0.1462373	-0.04282737	0.0004314063	0.0003363693	-0.0002168173	-0.002238485	7.374772E-06	-0.001974359
4094	0.15135	-0.0148444	0.1536772	-0.06016704	-0.04242302	-0.103893	0.04146673	-0.5611594	-0.07144856	0.200197	0.1106667	-0.05709195	-7.04547E-06	0.001760017	-0.004955217	-4.321219E-05	-0.001747989	0.0008324395	0.1773301	0.1343428	-0.07118726	0.002612809	-0.0003223214	0.0004697	-0.00188016	-0.0001947596	-0.002024484	0.2465693	0.1838892	-0.08915067	0.001939045	0.001031888	0.002728525	-4.321219E-05	-0.001747989	0.0008324395	0.2553962	0.1449815	-0.05227351	0.004936492	-6.166816E-05	-0.002524149	-0.00188016	-0.0001947596	-0.002024484
4097	0.1510587	-0.01502022	0.153506	-0.06090629	-0.04344618	-0.102834	0.04043429	-0.5612532	-0.07054305	0.2020569	0.1064544	-0.05932474	0.0004597141	0.0002669441	-0.00427461	8.428075E-05	-0.00168426	0.0007944813	0.1817164	0.1270733	-0.07402229	0.003056179	-0.002059131	-0.0003564839	-0.001299278	-0.0005802722	-0.001724909	0.2477054	0.1818505	-0.09053373	0.001738315	0.0002642479	0.001700627	8.428075E-05	-0.00168426	0.0007944813	0.2728599	0.1454526	-0.06014466	0.00806829	7.15202E-05	-0.003860899	-0.001299278	-0.0005802722	-0.001724909
4101	0.1514311	-0.01560895	0.1516173	-0.06265371	-0.04279378	-0.1019635	0.03855933	-0.5599655	-0.0699122	0.2053656	0.1000958	-0.05912161	0.001171957	-0.001389463	-0.003155175	0.0002412712	-0.001677297	0.0008757199	0.1813604	0.1258524	-0.07750344	0.002203141	-0.001849576	-0.00113765	-0.001187718	-0.0003828154	-0.001488974	0.249662	0.1760595	-0.09776568	0.001792893	-0.001249577	-0.0005325174	0.0002412712	-0.001677297	0.0008757199	0.2548265	0.1440349	-0.0526197	0.001542878	-0.0003007691	-0.001014433	-0.001187718	-0.0003828154	-0.001488974
4104	0.1502843	-0.01961491	0.150152	-0.06456194	-0.04237615	-0.1018407	0.0369587	-0.5594201	-0.07026339	0.2159064	0.093982	-0.05818152	0.003514163	-0.002570539	-0.00213136	0.000766505	-0.001553242	0.0009127437	0.1864317	0.1119863	-0.0880053	0.00292018	-0.004853692	-0.003478703	-0.0007115285	-0.00103814	-0.001701993	0.2520893	0.1644601	-0.1135991	0.001951497	-0.003837023	-0.004357732	0.000766505	-0.001553242	0.0009127437	0.2480671	0.1201994	-0.05807972	-0.0005327149	-0.006184462	-0.002125831	-0.0007115285	-0.00103814	-0.001701993
4107	0.1497354	-0.02715386	0.1479056	-0.06694809	-0.04283303	-0.1027844	0.03605282	-0.5601605	-0.07161546	0.226975	0.04828985	-0.03212667	0.005402761	-0.01335094	0.004915195	0.001047028	-0.003860032	0.002446196	0.157506	0.1405146	-0.1041801	-0.005041279	0.003491792	-0.006652726	-0.002524011	0.001307766	-0.002070001	0.2491533	0.1457932	-0.1452277	0.0007296142	-0.007544491	-0.01117545	0.001047028	-0.003860032	0.002446196	0.2085886	0.09651595	-0.03705859	-0.01026914	-0.0105592	0.003660909	-0.002524011	0.001307766	-0.002070001
4111	0.1498223	-0.03152895	0.1491833	-0.06923506	-0.04321669	-0.1032679	0.03655539	-0.5609108	-0.07185578	0.2306838	0.02878985	-0.02532768	0.004979291	-0.01488821	0.005386142	0.0006794038	-0.00327934	0.001952384	0.1656803	0.1207221	-0.1170921	-0.001737399	-0.002329288	-0.008217553	-0.001067039	-0.0004744458	-0.001943707	0.2117506	0.1108012	-0.1690526	-0.008803469	-0.01440637	-0.01433782	0.0006794038	-0.00327934	0.001952384	0.224627	0.09800926	-0.02526808	-0.003692252	-0.007546077	0.00569331	-0.001067039	-0.0004744458	-0.001943707
4114	0.1498943	-0.04176188	0.1519191	-0.07255111	-0.04641485	-0.1034739	0.03493775	-0.5602804	-0.07303381	0.2307176	-0.02836066	-0.004177094	0.003742903	-0.02545378	0.009327253	0.0002004556	-0.005100899	0.002449566	0.1484068	0.1248099	-0.1365395	-0.005621406	-0.0007250069	-0.011025	-0.001771281	4.523591E-05	-0.002159642	0.1953606	0.08555403	-0.1904669	-0.0107001	-0.01711657	-0.01610694	0.0002004556	-0.005100899	0.002449566	0.2362902	0.07365271	-0.03225183	0.0001465885	-0.01174869	0.002524043	-0.001771281	4.523591E-05	-0.002159642
4117	0.148026	-0.06673215	0.1525447	-0.08600669	-0.05021454	-0.1057873	0.02796622	-0.5624002	-0.07647371	0.2229551	-0.06152117	0.009539127	0.0008665577	-0.02738046	0.01042449	-0.0005687445	-0.004307345	0.002111485	0.1298775	0.1116363	-0.1661725	-0.008848393	-0.003837148	-0.01567701	-0.002135207	-0.0007441085	-0.002782734	0.1813732	0.04527099	-0.2255657	-0.01152193	-0.02290818	-0.0208549	-0.0005687445	-0.004307345	0.002111485	0.2827469	0.07250096	-0.006483793	0.01172413	-0.009099459	0.008335043	-0.002135207	-0.0007441085	-0.002782734
4121	0.1505378	-0.1223816	0.1402273	-0.1001613	-0.06398205	-0.1266139	0.02061585	-0.5798397	-0.09413671	0.219172	-0.06533106	0.02497792	-0.0002958659	-0.02148782	0.01167807	-0.0007171643	-0.001757347	0.001897007	0.1097822	0.0854743	-0.1993167	-0.0116601	-0.009418366	-0.02004382	-0.002304333	-0.001953386	-0.003178752	0.1557503	-0.002321422	-0.2369809	-0.01504716	-0.02907924	-0.01849499	-0.0007171643	-0.001757347	0.001897007	0.2620807	0.03242344	-0.02200937	0.003626545	-0.01684397	0.002369887	-0.002304333	-0.001953386	-0.003178752
4124	0.1504423	-0.1293204	0.1371758	-0.1048652	-0.05872878	-0.1320589	0.02393463	-0.587918	-0.09712291	0.1699151	-0.1520108	0.03031373	-0.01253612	-0.03778579	0.0100925	-0.003597937	-0.005392503	0.001026364	0.1234488	0.09959083	-0.1794214	-0.005328449	-0.003534642	-0.01005903	-0.0001453363	5.891896E-06	0.0001121315	0.09052973	-0.0533863	-0.2238178	-0.02759051	-0.03457565	-0.01058047	-0.003597937	-0.005392503	0.001026364	0.2482221	-0.003835216	-0.05689359	-0.0007447379	-0.02169764	-0.006943638	-0.0001453363	5.891896E-06	0.0001121315
4128	0.1186993	-0.08630835	0.1134241	-0.1017749	-0.0506953	-0.1363983	0.02713466	-0.6107043	-0.09856629	0.1313226	-0.2165007	0.05040193	-0.01905021	-0.04446184	0.01259143	-0.004326975	-0.00571339	0.001394504	0.1708319	0.01857336	-0.1660428	0.007849453	-0.02290535	-0.00419962	0.003185473	-0.004838258	0.001548952	0.06216496	-0.09670006	-0.2187254	-0.02778408	-0.03676018	-0.006662255	-0.004326975	-0.00571339	0.001394504	0.2498253	-0.05122578	-0.06348038	-0.0001577569	-0.02812088	-0.006854426	0.003185473	-0.004838258	0.001548952
4131	0.1168214	-0.0859455	0.1133196	-0.07895779	-0.03977795	-0.1349173	0.03389492	-0.5651042	-0.08483887	0.09360883	-0.2900848	0.06480956	-0.0237161	-0.0517424	0.01304548	-0.004411704	-0.006105183	0.001159391	0.1731005	-0.02295649	-0.163022	0.006454224	-0.02756147	-0.002394524	0.002040298	-0.004792725	0.001612988	0.0073044	-0.1447938	-0.2089403	-0.0345532	-0.03959356	-0.002550398	-0.004411704	-0.006105183	0.001159391	0.2905011	-0.1053132	-0.07460856	0.01005064	-0.0346125	-0.007922866	0.002040298	-0.004792725	0.001612988
4134	0.1147897	-0.0853902	0.1129797	-0.07905351	-0.0405412	-0.1343009	0.02925934	-0.5646071	-0.0844996	0.04743714	-0.2231432	0.03347397	-0.02933	-0.0220714	0.001950211	-0.004712253	0.002838864	-0.001904274	0.2060673	-0.1500118	-0.1934144	0.01308239	-0.05243494	-0.009393996	0.003187263	-0.009812909	-0.0005401268	-0.03187689	-0.1837882	-0.2011299	-0.03571022	-0.03944377	3.979041E-05	-0.004712253	0.002838864	-0.001904274	0.1799022	-0.1331546	-0.07715726	-0.02011176	-0.03291974	-0.006579324	0.003187263	-0.009812909	-0.0005401268
4137	0.1140989	-0.08455792	0.1123061	-0.08256985	-0.04065587	-0.1341903	0.0246574	-0.5669565	-0.08300209	0.0362779	-0.2956295	0.02836919	-0.02478731	-0.03467512	0.0001864631	-0.002398517	-0.001021782	-0.001869142	0.1317889	-0.1526121	-0.1250091	-0.008757807	-0.03997629	0.01005585	-0.003069601	-0.00424502	0.004457367	-0.05641498	-0.2090256	-0.1723001	-0.03291719	-0.03589218	0.007237296	-0.002398517	-0.001021782	-0.001869142	0.1288384	-0.1802303	-0.08363461	-0.02784976	-0.03645872	-0.006553832	-0.003069601	-0.00424502	0.004457367
4141	0.1143317	-0.08389579	0.111726	-0.08515184	-0.04276605	-0.1345181	0.01940263	-0.5701298	-0.08214903	0.03158418	-0.2948179	0.03031588	-0.01976391	-0.02580344	0.0006265193	-0.0005430386	0.001451582	-0.001291843	0.1020674	-0.2454421	-0.1645045	-0.01399875	-0.0531897	-0.002331979	-0.003612436	-0.006487118	0.0002460675	-0.07626563	-0.2325188	-0.150254	-0.02965055	-0.03279244	0.01093949	-0.0005430386	0.001451582	-0.001291843	0.09704325	-0.202582	-0.07277346	-0.02883611	-0.03293198	-0.002200084	-0.003612436	-0.006487118	0.0002460675
4144	0.1137564	-0.08372159	0.1115551	-0.09071322	-0.0429242	-0.1315868	0.01713745	-0.570042	-0.08206034	0.02803081	-0.2943088	0.03194809	-0.01571128	-0.0192253	0.0008779428	0.0006058799	0.002733223	-0.0009060262	0.02681603	-0.281484	-0.1468468	-0.0293119	-0.04890276	0.002665455	-0.006537613	-0.003793604	0.001433909	-0.09080061	-0.2493534	-0.1334138	-0.02587166	-0.02880297	0.01241468	0.0006058799	0.002733223	-0.0009060262	0.05578771	-0.2182213	-0.06961107	-0.03194097	-0.02860881	-0.0008594668	-0.006537613	-0.003793604	0.001433909
4147	0.1140632	-0.0836037	0.111491	-0.09182449	-0.04400748	-0.1295102	0.0148697	-0.570743	-0.08324075	0.02718983	-0.2942556	0.03241086	-0.0119937	-0.01440568	0.0007741497	0.001383804	0.003254821	-0.0007054679	0.02483282	-0.2820832	-0.1459837	-0.02247972	-0.03682685	0.00221486	-0.003195168	0.000173775	0.0009627832	-0.1009278	-0.2684936	-0.114362	-0.02193553	-0.02638728	0.01407395	0.001383804	0.003254821	-0.0007054679	0.02729979	-0.2705468	-0.09034538	-0.03107771	-0.03453796	-0.005828178	-0.003195168	0.000173775	0.0009627832
4150	0.1146222	-0.08334161	0.1111662	-0.0927759	-0.04500303	-0.1273983	0.01103035	-0.5731059	-0.0837307	0.02680787	-0.2942451	0.03267264	-0.009090767	-0.01080164	0.0006460582	0.001763587	0.003342126	-0.0005611238	0.02326217	-0.2826507	-0.1450808	-0.01725245	-0.02776202	0.001886868	-0.001089558	0.002396539	0.0006400893	-0.1111754	-0.2826392	-0.1015382	-0.01901356	-0.02332687	0.01376142	0.001763587	0.003342126	-0.0005611238	-0.01876637	-0.3009802	-0.09376764	-0.03482482	-0.03351184	-0.005226698	-0.001089558	0.002396539	0.0006400893
4154	0.1149189	-0.08344001	0.111099	-0.09558465	-0.04595189	-0.126899	0.008581493	-0.5723571	-0.08321667	0.02652065	-0.2941903	0.03274155	-0.006889882	-0.008087534	0.0005017694	0.001872911	0.003185121	-0.0004569151	0.02139807	-0.2828634	-0.1449385	-0.01340537	-0.02087469	0.001450735	0.000144603	0.003519237	0.0003710337	-0.1148002	-0.2861228	-0.09030223	-0.01516638	-0.01836604	0.01313005	0.001872911	0.003185121	-0.0004569151	-0.07183492	-0.2987646	-0.07512975	-0.03938575	-0.02457998	0.0007394501	0.000144603	0.003519237	0.0003710337
4157	0.1150832	-0.08352351	0.1109982	-0.09803265	-0.04735416	-0.1266425	0.006835401	-0.5716772	-0.08255553	0.02638697	-0.2941674	0.03278255	-0.005200831	-0.006059906	0.000386579	0.001826946	0.002895748	-0.0003714839	0.02027787	-0.2830324	-0.1447515	-0.01033407	-0.01569826	0.001134781	0.0008762756	0.003933535	0.0001992868	-0.1199898	-0.2866832	-0.07890534	-0.01267217	-0.01391464	0.01269676	0.001826946	0.002895748	-0.0003714839	-0.08769083	-0.2896352	-0.06686568	-0.03350329	-0.01615261	0.002620604	0.0008762756	0.003933535	0.0001992868
4161	0.1151506	-0.08352566	0.110868	-0.1000924	-0.04889271	-0.1262209	0.005802155	-0.5714506	-0.08194613	0.0263171	-0.2941645	0.03280115	-0.00391809	-0.004544207	0.0002945834	0.001690895	0.002550736	-0.0003016118	0.0196214	-0.2831331	-0.1446354	-0.007914674	-0.01179888	0.0008801133	0.001262057	0.003924997	8.579818E-05	-0.1251341	-0.2856629	-0.07301474	-0.01079021	-0.01018089	0.01099522	0.001690895	0.002550736	-0.0003016118	-0.09367141	-0.2658946	-0.05023885	-0.02662261	-0.006179312	0.006122162	0.001262057	0.003924997	8.579818E-05
4164	0.1153336	-0.08366287	0.1107488	-0.1020824	-0.04949714	-0.1257391	0.004563279	-0.5708129	-0.08134151	0.02626459	-0.2941653	0.03281569	-0.002951696	-0.003408364	0.0002245735	0.00150977	0.002197013	-0.0002437114	0.01909965	-0.283064	-0.1444411	-0.006066444	-0.008831888	0.0007086628	0.0014086	0.003685495	2.1486E-05	-0.1329217	-0.2832275	-0.06687951	-0.01003954	-0.007026832	0.009780223	0.00150977	0.002197013	-0.0002437114	-0.0890646	-0.2721247	-0.05291867	-0.01881526	-0.006192013	0.003921665	0.0014086	0.003685495	2.1486E-05
4167	0.115489	-0.08375362	0.110528	-0.103557	-0.05008204	-0.1249404	0.003630221	-0.570428	-0.08049679	0.02623537	-0.2941673	0.03282356	-0.002221076	-0.002556757	0.000170397	0.001314982	0.001860661	-0.0001963276	0.01880921	-0.2830058	-0.14431	-0.004622441	-0.006609373	0.0005642796	0.001417451	0.00331975	-1.998129E-05	-0.1403709	-0.2802207	-0.06301069	-0.009391963	-0.00451842	0.008302372	0.001314982	0.001860661	-0.0001963276	-0.08067864	-0.2758407	-0.05522704	-0.01201495	-0.005573015	0.002364157	0.001417451	0.00331975	-1.998129E-05
4170	0.1156406	-0.08385345	0.1104219	-0.1049146	-0.05060002	-0.1247008	0.002651539	-0.5697021	-0.08013988	0.02622099	-0.2941687	0.03282642	-0.001669402	-0.001917933	0.000128513	0.001124155	0.001555202	-0.0001577167	0.01866373	-0.2829748	-0.1442528	-0.003503202	-0.004949281	0.0004375148	0.001342898	0.002904836	-4.667717E-05	-0.14389	-0.2786397	-0.06153488	-0.007923745	-0.002993561	0.006595732	0.001124155	0.001555202	-0.0001577167	-0.06993932	-0.2797475	-0.05494499	-0.006326383	-0.005156473	0.00184363	0.001342898	0.002904836	-4.667717E-05
4174	0.1157687	-0.08392508	0.1103075	-0.1057334	-0.05063385	-0.1242073	0.001128532	-0.5690643	-0.07974982	0.02621283	-0.294171	0.03282642	-0.001254091	-0.001439016	9.638479E-05	0.0009469441	0.001286131	-0.0001263196	0.0185727	-0.2829604	-0.1442342	-0.00265016	-0.003708355	0.0003327853	0.001220434	0.002488858	-6.119027E-05	-0.1438772	-0.278655	-0.0614562	-0.005939627	-0.002248993	0.004966469	0.0009469441	0.001286131	-0.0001263196	-0.04896861	-0.2825814	-0.06084442	0.0004978883	-0.004575816	-9.213493E-05	0.001220434	0.002488858	-6.119027E-05
4174	0.0723325	-0.04242074	-0.1219893	-0.09430158	-0.1132819	0.1601858	-0.001568079	-0.4273299	-0.1975369	0.08239639	-0.1501044	-0.1290154	0.01310532	0.03493739	-0.04038818	0.004300061	0.0100587	-0.01021588	-0.04783082	-0.2087761	-0.128171	-0.0185885	0.01576482	0.004265392	-0.003069259	0.006734938	0.000937259	-0.03590608	-0.2122819	-0.04303598	0.02253807	0.01490653	0.008329907	0.004300061	0.0100587	-0.01021588	-0.08406293	-0.1355659	-0.09668541	-0.008400164	0.033322	-0.009029348	-0.003069259	0.006734938	0.000937259
4177	0.1158947	-0.08390723	0.1103363	-0.1059675	-0.05048047	-0.1238573	-0.002266083	-0.5689689	-0.07966971	0.02620971	-0.2941729	0.03282404	-0.00421768	-0.009814093	0.01016874	-0.001105704	-0.003643846	0.004977319	0.01851676	-0.2829658	-0.1442525	0.002645522	-0.006723814	-0.0008213487	0.003006561	-0.0005709552	-0.000568741	-0.1424315	-0.2790829	-0.06342626	-0.009727813	-0.005520359	0.001149862	-0.001105704	-0.003643846	0.004977319	-0.01571068	-0.2884303	-0.0772934	0.01078794	-0.0132246	-0.001924008	0.003006561	-0.0005709552	-0.000568741
4177	0.07204616	-0.02790591	-0.1274223	-0.09760189	-0.1184768	0.174273	0.002322197	-0.4195317	-0.1855187	0.07959342	-0.1334895	-0.1141586	0.01018267	0.03281027	-0.02911911	0.002770809	0.007923206	-0.006088973	-0.02740061	-0.2063237	-0.1097836	-0.009495202	0.01411766	0.008001211	-0.0007802604	0.004782153	0.001779084	-0.02086389	-0.1889543	-0.03336	0.02309605	0.01839188	0.008378959	0.002770809	0.007923206	-0.006088973	-0.05912864	-0.1352219	-0.09650517	-0.002763535	0.02838366	-0.006245948	-0.0007802604	0.004782153	0.001779084
4180	0.1163325	-0.08365721	0.1105225	-0.1062203	-0.04989727	-0.1231313	-0.008226983	-0.5710658	-0.08124471	0.02620617	-0.2941741	0.0328207	-0.005709812	-0.01556344	0.0149055	-0.001895013	-0.006151024	0.006439422	0.01841612	-0.282985	-0.1442709	0.004332782	-0.008577075	-0.002620904	0.002871801	-0.00208707	-0.001321215	-0.1349111	-0.2811123	-0.07286572	-0.01118976	-0.009245587	-0.003592211	-0.001895013	-0.006151024	0.006439422	0.01397943	-0.2873924	-0.0897398	0.01620437	-0.01675489	-0.00299312	0.002871801	-0.00208707	-0.001321215
4181	0.08799493	-0.004067004	-0.1300874	-0.09744751	-0.1079976	0.1677408	-0.01362145	-0.4385475	-0.1677876	0.05601382	-0.2013983	-0.1132154	0.003169555	0.01152139	-0.02532991	0.0007985819	0.00215794	-0.005229286	-0.03755307	-0.2096607	-0.1059532	-0.01074271	0.01189826	0.007613742	-0.001615023	0.003553531	0.00156775	-0.02977157	-0.2240805	-0.02340937	0.01789256	0.007323762	0.009669932	0.0007985819	0.00215794	-0.005229286	-0.09196615	-0.1435723	-0.06665945	-0.01433312	0.02338886	0.003525247	-0.001615023	0.003553531	0.00156775
4184	0.1161298	-0.08384076	0.1104829	-0.1060588	-0.04950301	-0.1225858	-0.006788868	-0.5701773	-0.0807941	0.0262082	-0.2941732	0.03281784	-0.005074239	-0.01455269	0.01751089	-0.001462012	-0.004900064	0.006788236	0.01828801	-0.2829962	-0.144285	0.005903237	-0.009410173	-0.00387263	0.00295022	-0.00266196	-0.001695781	-0.121514	-0.2683778	-0.08117628	-0.009516193	-0.00558152	-0.00718928	-0.001462012	-0.004900064	0.006788236	0.02699795	-0.2949009	-0.102072	0.01899119	-0.0202905	-0.006209202	0.00295022	-0.00266196	-0.001695781
4184	0.08991909	0.002967149	-0.138557	-0.1065168	-0.1159454	0.2139993	0.02620149	-0.4226087	-0.1421528	0.05718648	-0.192505	-0.1071854	0.003938892	0.01450253	-0.02186764	0.001156774	0.003588758	-0.004753454	-0.01676404	-0.2194948	-0.1083999	-0.004335586	0.008817725	0.006066801	-0.0003470404	0.002560504	0.001213022	-0.01859987	-0.1957546	-0.05454254	0.01859139	0.01396967	0.001266475	0.001156774	0.003588758	-0.004753454	-0.05006313	-0.1589128	-0.07545137	-0.005021881	0.01877914	0.001998255	-0.0003470404	0.002560504	0.001213022
4187	0.1155844	-0.08404949	0.1103907	-0.1064769	-0.04945441	-0.1226163	-0.001454018	-0.5687407	-0.07808256	0.02621051	-0.2941718	0.0328176	-0.004789824	-0.01453981	0.01860001	-0.001314599	-0.004569017	0.006551822	0.01822358	-0.2829945	-0.1442819	0.005495218	-0.009261644	-0.004420398	0.002197421	-0.002599464	-0.001712033	-0.1117197	-0.2645828	-0.08716631	-0.009336419	-0.006729785	-0.007206086	-0.001314599	-0.004569017	0.006551822	0.06611142	-0.2879813	-0.1193631	0.02527723	-0.01818276	-0.009479232	0.002197421	-0.002599464	-0.001712033
4187	0.1045433	-0.01744291	-0.1333513	-0.1018505	-0.05088013	0.1525049	-0.02260876	-0.4288773	-0.1420903	0.04368389	-0.1651191	-0.09762383	0.0007759756	0.02135832	-0.01866035	0.0004055009	0.005547768	-0.004401224	-0.01105428	-0.2294448	-0.1025746	-0.003198052	0.006441194	0.007111521	-0.0005252518	0.001976112	0.001598955	-0.02669561	-0.2379694	0.05016947	0.01425372	0.001605992	0.02892938	0.0004055009	0.005547768	-0.004401224	-0.06055307	-0.1606757	-0.07492161	-0.0127082	0.01818933	0.004000941	-0.0005252518	0.001976112	0.001598955
4191	0.1058678	-0.1109776	0.1114175	-0.106104	-0.04922201	-0.1224866	0.001462284	-0.5705098	-0.07601547	0.008182727	-0.2881633	0.00789547	-0.008293308	-0.0147423	0.01238456	-0.001963195	-0.004864329	0.00446031	0.04937566	-0.2621407	-0.1178877	0.01270895	-0.003343077	0.001505353	0.00358281	-0.0009639841	-0.0002023254	-0.1006479	-0.2624054	-0.09501696	-0.007797774	-0.004904497	-0.01459957	-0.001963195	-0.004864329	0.00446031	0.07100394	-0.2215393	-0.1004155	0.0233581	-0.001573891	-0.003372759	0.00358281	-0.0009639841	-0.0002023254
4191	0.09275246	-0.0192613	-0.1316819	-0.1104175	-0.08493388	0.1681085	-0.005681515	-0.4239506	-0.1379595	0.05155039	-0.22444	-0.1032133	0.004621934	0.004874082	-0.01848877	0.001756414	0.00125585	-0.004373102	-0.01746142	-0.1727924	-0.07654142	-0.00717756	0.01982976	0.01146559	-0.002284518	0.005070221	0.002338316	-0.01754236	-0.223103	0.03151989	0.01492804	0.006147214	0.02068453	0.001756414	0.00125585	-0.004373102	-0.04024887	-0.1690316	-0.07723045	-0.01029463	0.01194651	0.003266684	-0.002284518	0.005070221	0.002338316
4194	0.1069074	-0.1109021	0.1100764	-0.1054818	-0.04844235	-0.1231627	0.00302064	-0.5703683	-0.07608271	0.03028855	-0.3151096	-0.01374245	-0.00184901	-0.01901183	0.008501137	-0.0003004253	-0.005029591	0.003467651	0.06546815	-0.2215632	-0.1031015	0.01534922	0.002679629	0.001959178	0.003918307	-0.0004848666	-0.000622867	-0.09265569	-0.2560717	-0.1027853	-0.0075823	-0.003631742	-0.01806291	-0.0003004253	-0.005029591	0.003467651	0.08492991	-0.2179727	-0.1027644	0.02357373	-0.003275397	-0.003933466	0.003918307	-0.0004848666	-0.000622867
4194	0.09198511	-0.009204686	-0.1250963	-0.1123143	-0.04227552	0.11199	-0.009391785	-0.4201432	-0.1317573	0.05152428	-0.217574	-0.09738398	0.003922177	0.01012502	-0.01453453	0.001217477	0.00351202	-0.003158178	-0.03536522	-0.1883976	-0.07258964	-0.01369643	0.01030111	0.009097347	-0.004322682	0.00154172	0.001317392	-0.01917386	-0.2309791	0.07917261	0.01268373	0.003549337	0.03194231	0.001217477	0.00351202	-0.003158178	-0.04296529	-0.1753456	-0.04947138	-0.01429351	0.008200219	0.01037315	-0.004322682	0.00154172	0.001317392
4197	0.1081348	-0.1123742	0.108464	-0.1040929	-0.04797228	-0.1229784	0.001211233	-0.56991	-0.07621217	0.03429606	-0.2999633	-0.01074243	-0.001365423	-0.01300355	0.01075949	-0.0004087916	-0.003148128	0.003954872	0.1063	-0.2154084	-0.1115134	0.025144	0.0009731348	-0.002907925	0.006468095	-0.001175703	-0.002013274	-0.08384784	-0.2463353	-0.1119637	-0.006655695	-0.001177039	-0.02382736	-0.0004087916	-0.003148128	0.003954872	0.1155305	-0.2104651	-0.1140664	0.02890382	-0.002629723	-0.008368885	0.006468095	-0.001175703	-0.002013274
4197	0.09265447	-0.0234265	-0.1173363	-0.1238745	-0.07910076	0.1267362	-0.007108331	-0.4333801	-0.1272557	0.05219901	-0.2151606	-0.09542656	0.003451669	0.011448	-0.01310142	0.0008976792	0.003751792	-0.002999073	-0.01161945	-0.2277961	-0.1067455	-0.01062187	-0.002367061	-0.00098897	-0.004090396	-0.001716826	-0.001030217	-0.01826823	-0.2411815	0.06551266	0.01140313	0.0004056679	0.02649858	0.0008976792	0.003751792	-0.002999073	-0.04884839	-0.1739591	-0.06321192	-0.01941686	0.007154211	0.006436947	-0.004090396	-0.001716826	-0.001030217
4201	0.1100443	-0.1142423	0.1078274	-0.1033663	-0.0474882	-0.1231151	-0.0015729	-0.5685195	-0.07610321	0.03684467	-0.291649	-0.0105691	-0.001249831	-0.01053608	0.0113883	-0.0005021156	-0.002682176	0.003873125	0.1394114	-0.2082801	-0.12784	0.0297913	0.003103706	-0.006015368	0.007035498	8.007186E-05	-0.002029262	-0.07797129	-0.235761	-0.1179667	-0.006373418	0.001659355	-0.02599589	-0.0005021156	-0.002682176	0.003873125	0.1197905	-0.2006904	-0.112951	0.02759708	-0.001317148	-0.00760707	0.007035498	8.007186E-05	-0.002029262
4201	0.08944702	-0.01896748	-0.1255496	-0.1233951	-0.06423229	0.1077409	-0.004356384	-0.4343247	-0.1327543	0.05000234	-0.2250222	-0.09733748	0.002352042	0.008754639	-0.01315087	0.0005238816	0.002811047	-0.003229949	-0.02223146	-0.241002	-0.1019676	-0.01806723	-0.005852694	0.001956591	-0.006688011	-0.002179046	0.0004710433	-0.02052128	-0.2431903	0.07472563	0.009582439	-0.0006128091	0.02867615	0.0005238816	0.002811047	-0.003229949	-0.05363369	-0.1813578	-0.04383707	-0.02265824	0.003845279	0.01157319	-0.006688011	-0.002179046	0.0004710433
4204	0.1140576	-0.119696	0.1082225	-0.1028156	-0.04745312	-0.1230516	-0.009722516	-0.5675248	-0.07826877	0.03906741	-0.280568	-0.01350164	-0.0009697	-0.007320473	0.01109581	-0.0004375243	-0.001910493	0.003639208	0.1388546	-0.1711888	-0.1178527	0.0267211	0.01306377	-0.002503835	0.006181074	0.003094832	-0.0007618242	-0.07195531	-0.2269709	-0.124795	-0.005671677	0.003595249	-0.02837303	-0.0004375243	-0.001910493	0.003639208	0.1306552	-0.1882723	-0.1153607	0.02907855	0.001155335	-0.009201024	0.006181074	0.003094832	-0.0007618242
4204	0.1013477	-0.01971796	-0.1166062	-0.1193234	-0.05550629	0.1140451	-0.02482951	-0.4320832	-0.11849	0.03299844	-0.2387452	-0.1039579	-0.002244517	0.004965351	-0.0142922	-0.0006468474	0.001638586	-0.003617598	-0.02603984	-0.2140103	-0.09804726	-0.02118279	-0.0009075478	0.003073481	-0.007340166	-0.001171706	0.000822961	-0.02327979	-0.2541907	0.05836964	0.007915122	-0.00410851	0.02451137	-0.0006468474	0.001638586	-0.003617598	-0.03984594	-0.1900656	-0.03536749	-0.02081638	0.00041817	0.01309754	-0.007340166	-0.001171706	0.000822961
4207	0.1162063	-0.1206836	0.107224	-0.1024935	-0.04675412	-0.1226823	-0.01066215	-0.5723021	-0.07575607	0.04012012	-0.2618639	-0.01022148	9.703205E-05	-0.002055685	0.01271495	0.0001002517	-0.0005263194	0.00403859	0.1463366	-0.1629965	-0.1126769	0.02720701	0.01207278	-0.00135229	0.006592326	0.002366304	-0.000489222	-0.06706136	-0.2204854	-0.1301401	-0.005009053	0.005344949	-0.02874389	0.0001002517	-0.0005263194	0.00403859	0.1391568	-0.1742477	-0.1128087	0.0291384	0.004268105	-0.009537145	0.006592326	0.002366304	-0.000489222
4207	0.09162784	-0.01448372	-0.1218691	-0.1174703	-0.05689511	0.09946203	-0.04062343	-0.4418654	-0.1176391	0.04531658	-0.2377509	-0.1006165	0.001371888	0.004486493	-0.01306253	0.0003939027	0.001240805	-0.003415428	-0.04160583	-0.2318914	-0.1046276	-0.02658035	-0.008169131	0.0009980951	-0.008502595	-0.003285751	0.0002206797	-0.03347552	-0.2404423	0.09224987	0.004639672	-0.0009805178	0.03403956	0.0003939027	0.001240805	-0.003415428	-0.04327631	-0.1887657	-0.05271626	-0.02375448	-0.0004284193	0.007870253	-0.008502595	-0.003285751	0.0002206797
4210	0.1224664	-0.1226834	0.1090605	-0.1018289	-0.04559688	-0.1225343	-0.01101906	-0.5721219	-0.07592487	0.03567034	-0.2535645	-0.01181126	-0.001382642	-0.00058852	0.0124044	-0.0003932056	-0.0003381495	0.003805163	0.1535743	-0.1586471	-0.1183496	0.02885978	0.01218422	-0.002681914	0.007483085	0.002624025	-0.0007544926	-0.06082734	-0.2164025	-0.1360648	-0.003358203	0.005274563	-0.03154898	-0.0003932056	-0.0003381495	0.003805163	0.144416	-0.1700171	-0.1148407	0.02910722	0.004365846	-0.009628433	0.007483085	0.002624025	-0.0007544926
4210	0.1019043	-0.01032823	-0.1244657	-0.1203136	-0.07889858	0.1076646	-0.0444746	-0.469628	-0.1041739	0.03114617	-0.2356365	-0.1024573	-0.002168025	0.004040604	-0.01335821	-0.00049125	0.0009036688	-0.00358678	-0.03490222	-0.2306172	-0.1057749	-0.0254743	-0.008854348	0.001132233	-0.007971206	-0.003291624	0.0003876673	-0.02666771	-0.2174432	0.04312563	0.006021256	0.00369574	0.02113586	-0.00049125	0.0009036688	-0.00358678	-0.02984488	-0.1962276	-0.008386612	-0.02173481	-0.003278238	0.01939221	-0.007971206	-0.003291624	0.0003876673
4214	0.1227864	-0.1220125	0.1066847	-0.1008725	-0.04391621	-0.1219337	-0.01182099	-0.5718816	-0.07570696	0.0377227	-0.248504	-0.009652615	1.811457E-05	-0.0001864324	0.01318251	0.0001780975	-0.0003790074	0.003945095	0.1789054	-0.1576832	-0.1335959	0.03434617	0.01159274	-0.006106092	0.008976714	0.002643052	-0.001518831	-0.05798158	-0.2142723	-0.1398318	-0.003312525	0.003564536	-0.02988746	0.0001780975	-0.0003790074	0.003945095	0.1661291	-0.1693432	-0.1311181	0.0326924	0.004262401	-0.0161387	0.008976714	0.002643052	-0.001518831
4214	0.0863508	-0.001071334	-0.1198215	-0.1148865	-0.06353539	0.09377289	-0.05101323	-0.4782481	-0.08909392	0.04714012	-0.247045	-0.1036768	0.00236794	0.0002249412	-0.01361916	0.0007210297	-0.0001814121	-0.003741597	-0.05600154	-0.2420065	-0.1084702	-0.0329671	-0.01238627	0.001701867	-0.01009578	-0.004012463	0.0008128666	-0.02457142	-0.2543424	0.06275654	0.005868147	-0.007344116	0.02823149	0.0007210297	-0.0001814121	-0.003741597	-0.03151333	-0.1938722	-0.02261114	-0.02489132	-0.002935444	0.0150227	-0.01009578	-0.004012463	0.0008128666
4214	0.0710156	0.05418286	-0.09411359	-0.0893482	-0.01096144	0.04542756	-0.007971764	-0.4499094	-0.04479027	0.02457035	-0.1530367	-0.1194336	-0.003866489	0.02367077	-0.01415358	-0.001017835	0.005725399	-0.002939803	-0.04093015	-0.1757803	-0.06471825	-0.02095748	0.007266833	0.01221439	-0.00456943	0.00190393	0.00323778	0.009909272	-0.183863	0.02207971	0.01302128	0.01211175	0.01100441	-0.001017835	0.005725399	-0.002939803	-0.02271581	-0.1865962	-0.004995108	-0.01646911	-0.0003825685	0.01567103	-0.00456943	0.00190393	0.00323778
4217	0.1255784	-0.1221651	0.1057141	-0.09916944	-0.04262094	-0.1205513	-0.01028664	-0.5719178	-0.07441521	0.03261262	-0.246048	-0.009978294	-0.0008892976	-0.00549975	0.01674865	-1.907849E-05	-0.002998582	0.005520706	0.1762598	-0.1532893	-0.1321344	0.03857937	0.01107289	-0.007693256	0.01145714	0.002379462	-0.002548576	-0.05769692	-0.2124198	-0.1434987	-0.007135587	0.001944609	-0.03314129	-1.907849E-05	-0.002998582	0.005520706	0.1603376	-0.1705165	-0.131825	0.03341153	0.003732986	-0.01995419	0.01145714	0.002379462	-0.002548576
4217	0.09970069	-0.005986154	-0.1196921	-0.1235802	-0.0720678	0.104763	-0.0486629	-0.4786161	-0.0901053	0.03220522	-0.2339508	-0.1042962	-0.0007688226	-0.001100503	-0.01101799	1.580987E-05	-0.001149124	-0.002801131	-0.05368125	-0.2254657	-0.1021876	-0.02855073	-0.009739446	0.001716759	-0.008189671	-0.003418487	0.0004410716	-0.01551932	-0.2661296	0.02875328	0.005192711	-0.01196897	0.01820702	1.580987E-05	-0.001149124	-0.002801131	-0.04467213	-0.1934502	0.004838467	-0.02619379	-0.002933672	0.01920022	-0.008189671	-0.003418487	0.0004410716
4217	0.08395398	0.03212124	-0.1054204	-0.06795597	-0.0125035	0.04362035	0.03843594	-0.46049	-0.09410548	0.03063118	-0.1550308	-0.1259046	-0.0009701268	0.01890462	-0.01366558	-3.846865E-05	0.004139438	-0.002762745	-0.09195745	-0.1654702	-0.06087279	-0.03098209	0.007694299	0.01161628	-0.006750095	0.00179457	0.002805684	-0.009276628	-0.1928818	0.008695841	0.005455206	0.009335218	0.008640906	-3.846865E-05	0.004139438	-0.002762745	-0.02868259	-0.1921219	-0.01404119	-0.01564796	-0.001868197	0.00968025	-0.006750095	0.00179457	0.002805684
4220	0.1243955	-0.1245805	0.104084	-0.1044651	-0.04077269	-0.1210887	-0.01499742	-0.57174	-0.07555103	0.02878986	-0.2412565	-0.009441376	-0.001187927	-0.007377969	0.01886661	-8.330161E-05	-0.00346607	0.006060989	0.172847	-0.1520915	-0.1337457	0.04296455	0.009115383	-0.00950601	0.01342409	0.001701199	-0.003176309	-0.05568437	-0.2106923	-0.1445706	-0.007510532	0.002548783	-0.03183593	-8.330161E-05	-0.00346607	0.006060989	0.1600102	-0.1719136	-0.1355398	0.03543723	0.003650938	-0.02311446	0.01342409	0.001701199	-0.003176309
4220	0.1000848	-0.009572595	-0.1212556	-0.1139257	-0.08369431	0.1118503	-0.04353225	-0.4934805	-0.07918811	0.0484277	-0.2329855	-0.1077347	0.004018516	-0.003465725	-0.01042337	0.001239135	-0.001621491	-0.002776753	-0.07528877	-0.2165868	-0.09622049	-0.02981054	-0.009287283	0.002251787	-0.008125706	-0.003324767	0.0005572173	-0.009543777	-0.2670206	0.03734112	0.00590225	-0.01217049	0.02160098	0.001239135	-0.001621491	-0.002776753	-0.05398709	-0.1930201	-0.02488613	-0.0269214	-0.002538428	0.01032757	-0.008125706	-0.003324767	0.0005572173
4221	0.09298396	-0.02855971	-0.1374664	-0.08092642	-0.0624398	0.02631879	0.08587337	-0.5020741	-0.1041074	-0.01421022	-0.1413167	-0.09714556	-0.01264559	0.02031791	-0.005170246	-0.003236677	0.004729791	-0.0007692841	-0.06865311	-0.1875664	-0.071594	-0.02069899	0.0002896525	0.007845463	-0.003816392	-9.934162E-05	0.001816332	0.01885128	-0.216572	0.02481103	0.01152545	0.003484271	0.01306821	-0.003236677	0.004729791	-0.0007692841	0.000156045	-0.2208111	-0.003343821	-0.006655267	-0.008851562	0.01313125	-0.003816392	-9.934162E-05	0.001816332
4224	0.1229028	-0.1241553	0.09984636	-0.103247	-0.03972751	-0.1205904	-0.01962974	-0.5715375	-0.07701492	0.07432614	-0.2986538	-0.037745	0.01264989	-0.02409584	0.01097246	0.003896365	-0.007556095	0.003458712	0.1555711	-0.1217836	-0.1316161	0.04053181	0.01666294	-0.009121431	0.01244541	0.004018815	-0.002879475	-0.05778287	-0.2102957	-0.1457796	-0.01051445	0.004182295	-0.0328465	0.003896365	-0.007556095	0.003458712	0.1532052	-0.1711018	-0.1379533	0.03327085	0.005788648	-0.02380393	0.01244541	0.004018815	-0.002879475
4224	0.0904147	-0.01022848	-0.1170833	-0.1139983	-0.05680028	0.06714582	-0.03795874	-0.4929867	-0.07401514	0.0460701	-0.2386427	-0.1116052	0.002423411	-0.003069095	-0.0102357	0.0003656528	-0.0004103845	-0.002708005	-0.08345497	-0.2028769	-0.09641433	-0.02935766	-0.007776133	0.001959374	-0.008138312	-0.003095657	0.0006105953	-0.01870453	-0.2549244	0.07124043	0.001883748	-0.008020471	0.02962013	0.0003656528	-0.0004103845	-0.002708005	-0.02444774	-0.1972731	-0.009992123	-0.01946011	-0.002201349	0.01413734	-0.008138312	-0.003095657	0.0006105953
4224	0.06596541	-0.0107038	-0.1158352	-0.09444547	-0.06078187	0.02366376	0.08175123	-0.4805557	-0.09803438	-0.004649878	-0.1658603	-0.1070957	-0.01086244	0.01589378	-0.006549413	-0.003047222	0.00443293	-0.001109432	-0.06376505	-0.158829	-0.06478333	-0.01709577	0.005179881	0.009377278	-0.003038261	0.000917261	0.002312423	0.0120492	-0.2081927	0.03026056	0.009101244	0.005667575	0.01197013	-0.003047222	0.00443293	-0.001109432	-0.01325011	-0.2126527	-6.318092E-05	-0.01179567	-0.005495914	0.01308524	-0.003038261	0.000917261	0.002312423
4227	0.1242623	-0.123387	0.09655952	-0.1005737	-0.04083532	-0.1180563	-0.02212299	-0.5725608	-0.07796669	0.03408513	-0.250868	-0.00592494	0.001536925	-0.009331599	0.02038063	0.0008144237	-0.002981647	0.005900438	0.1468147	-0.139861	-0.1336422	0.03982312	0.008626911	-0.01018176	0.01195103	0.001549703	-0.003155442	-0.06329226	-0.2070052	-0.1454577	-0.01200943	0.004547561	-0.03495198	0.0008144237	-0.002981647	0.005900438	0.1461677	-0.1717827	-0.1416881	0.03100769	0.006095582	-0.0255923	0.01195103	0.001549703	-0.003155442
4227	0.09941846	-0.001299351	-0.1191652	-0.1028153	-0.02252758	0.06293774	-0.0277285	-0.4738239	-0.07901287	0.06128359	-0.2372656	-0.111728	0.007952308	-0.003598098	-0.01116528	0.002214663	-0.0008028599	-0.00346115	-0.1099725	-0.2043262	-0.1043565	-0.03432946	-0.00964612	-0.0003149002	-0.009574875	-0.00340598	0.0001001328	-0.01380402	-0.2546193	0.06700516	0.003364988	-0.008492842	0.02690174	0.002214663	-0.0008028599	-0.00346115	-0.03289616	-0.2095193	0.007836819	-0.02151019	-0.004862477	0.01818701	-0.009574875	-0.00340598	0.0001001328
4227	0.07762754	-0.03101704	-0.1090722	-0.1074952	-0.1401265	0.03882623	0.06724179	-0.4965163	-0.09279752	-0.01300311	-0.1771348	-0.136704	-0.01260744	0.01233413	-0.01461796	-0.003478941	0.003380911	-0.003459033	-0.09085548	-0.1911639	-0.05542755	-0.02096784	-0.003944018	0.01199607	-0.003840753	-0.00112896	0.003152842	0.02668071	-0.20674	0.0336895	0.01264492	0.005600188	0.01184739	-0.003478941	0.003380911	-0.003459033	-0.02455699	-0.2124391	-0.02936196	-0.01404785	-0.004376806	0.004340559	-0.003840753	-0.00112896	0.003152842
