468	0.1369578	-0.118997	0.1372707	-0.1169632	-0.06207973	-0.1437631	0.03695892	-0.5286179	-0.08771133	0.192762	-0.08297066	0.0233717	0.01130894	0.01574994	-0.003606609	0.001844212	0.001873435	-0.002749569	-0.09173071	0.1269449	-0.218796	-0.0172468	0.002421178	0.007963041	-0.002890422	-0.001022104	0.001372145	0.0680517	-0.02692209	-0.2563151	0.01305552	0.01664557	-0.003640234	0.001844212	0.001873435	-0.002749569	0.1870264	0.02871181	0.08653748	-0.004887053	0.002918511	0.005994495	-0.002890422	-0.001022104	0.001372145
471	0.1292949	-0.1211956	0.138654	-0.1172343	-0.077812	-0.1463931	0.03761235	-0.533282	-0.08848119	0.1529961	-0.09616114	0.0956974	-0.001459757	0.008514831	0.01537647	-0.001809015	-0.0004037004	0.002683593	-0.03541788	0.1341408	-0.261307	0.001143107	0.003614864	-0.004655466	0.002429661	-0.0004681569	-0.002125518	0.07409316	-0.01336983	-0.2524933	0.01130201	0.01587224	-0.001774713	-0.001809015	-0.0004037004	0.002683593	0.1831156	0.03568129	0.09121048	-0.004642985	0.003931254	0.005664122	0.002429661	-0.0004681569	-0.002125518
475	0.1299748	-0.1308719	0.147377	-0.1160451	-0.09672877	-0.1442957	0.03934854	-0.543238	-0.08494401	0.1801487	-0.07801235	0.06645274	0.005693339	0.01092332	0.004221187	0.0004315125	0.0002993471	-0.000776126	-0.06045428	0.1247532	-0.2368727	-0.00540177	0.0003642617	0.002616982	0.0001860267	-0.001163768	0.0002239738	0.07586935	0.0058624	-0.2485042	0.008920551	0.01671224	-0.0003337595	0.0004315125	0.0002993471	-0.000776126	0.1808665	0.04127656	0.09291124	-0.004044511	0.004347257	0.004673282	0.0001860267	-0.001163768	0.0002239738
478	0.1296296	-0.1394011	0.1520777	-0.1140171	-0.1071115	-0.1435711	0.03991629	-0.5504135	-0.08509111	0.1823428	-0.07603404	0.06357837	0.004818516	0.00868707	0.002447297	0.0001049286	-0.0003345524	-0.001025567	-0.07974555	0.1396467	-0.2480214	-0.008874146	0.003996551	-0.0008244361	-0.000728574	3.524614E-05	-0.0006923743	0.0759609	0.01675487	-0.2469969	0.006713302	0.0152573	0.000126501	0.0001049286	-0.0003345524	-0.001025567	0.1795243	0.04158723	0.09499359	-0.003368943	0.003338112	0.004025548	-0.000728574	3.524614E-05	-0.0006923743
481	0.128653	-0.1478518	0.1571352	-0.1098799	-0.1206948	-0.1431985	0.0409923	-0.5566199	-0.0852313	0.1521114	-0.07973044	0.1084616	-0.003943959	0.005591201	0.01305629	-0.002111922	-0.001024881	0.001883072	-0.01826511	0.1131648	-0.2345431	0.008714501	-0.003623059	0.002751243	0.003850731	-0.001878468	0.000374639	0.07698774	0.02772789	-0.2457048	0.005291686	0.01418623	0.0004179031	-0.002111922	-0.001024881	0.001883072	0.1785733	0.04646614	0.09447229	-0.002764462	0.003723311	0.002888836	0.003850731	-0.001878468	0.000374639
485	0.1248699	-0.1595444	0.1550958	-0.1065323	-0.129244	-0.1434748	0.0416585	-0.562704	-0.08774018	0.2045607	-0.01700841	0.04103255	0.01015436	0.01987391	-0.007065052	0.001940638	0.002802016	-0.003618031	-0.10285	0.08203329	-0.2032435	-0.01461034	-0.01050016	0.00988833	-0.002943161	-0.003128127	0.002065251	0.07855137	0.03523515	-0.246619	0.004359671	0.01251649	8.487332E-05	0.001940638	0.002802016	-0.003618031	0.1775422	0.04445499	0.09697938	-0.002331122	0.002289696	0.002793399	-0.002943161	-0.003128127	0.002065251
488	0.1260118	-0.1635783	0.1582739	-0.1030979	-0.1335371	-0.1430264	0.04282203	-0.5663256	-0.08930469	0.1629674	-0.04768699	0.1106811	-0.002782555	0.007235786	0.01211334	-0.00177875	-0.001058019	0.002081074	-0.00345096	0.1207143	-0.2320306	0.013892	0.00179513	0.0002194638	0.004918213	0.0007277282	-0.0008682782	0.08089782	0.04129329	-0.2466202	0.003856367	0.0109019	6.335697E-05	-0.00177875	-0.001058019	0.002081074	0.1760451	0.04568779	0.09877276	-0.002122618	0.002025472	0.002543395	0.004918213	0.0007277282	-0.0008682782
491	0.1192353	-0.151603	0.1624844	-0.09677002	-0.140746	-0.1440561	0.04853423	-0.5722778	-0.09077454	0.168401	-0.06822821	0.09426761	-0.0007285229	0.0002915342	0.00498164	-0.0008205546	-0.002529577	-0.0002221185	-0.03894695	0.1474922	-0.2527568	0.001545002	0.008040821	-0.005016953	0.0006019108	0.002107219	-0.001960313	0.08466031	0.04777163	-0.2477535	0.003832896	0.00979601	-0.000235813	-0.0008205546	-0.002529577	-0.0002221185	0.174975	0.04391569	0.1011015	-0.001859473	0.001076078	0.002489735	0.0006019108	0.002107219	-0.001960313
495	0.1266879	-0.1532753	0.1626794	-0.09084144	-0.1444497	-0.1457295	0.0541352	-0.5778047	-0.09127235	0.1959802	-0.03310814	0.06049442	0.006348401	0.008998668	-0.004707066	0.001153815	0.0002796008	-0.002588765	-0.02934283	0.1049638	-0.1923473	0.003559781	-0.004601478	0.01133967	0.0009551279	-0.001580161	0.002618921	0.08818085	0.05328356	-0.2478328	0.003754809	0.008724989	-0.0001966783	0.001153815	0.0002796008	-0.002588765	0.1749254	0.04453039	0.1009099	-0.001407017	0.0009607341	0.001819409	0.0009551279	-0.001580161	0.002618921
498	0.1202289	-0.1569934	0.1528926	-0.08819681	-0.1471063	-0.1462061	0.05373331	-0.5816234	-0.0957303	0.1932305	-0.02817343	0.06872511	0.004073881	0.007982679	-0.001472628	0.0002967311	-4.429664E-05	-0.001132965	-0.05900306	0.09131525	-0.2074268	-0.004745223	-0.006863251	0.004734879	-0.001359905	-0.001750564	0.0003129928	0.09070228	0.05641675	-0.247407	0.003446463	0.00732704	-4.105479E-05	0.0002967311	-4.429664E-05	-0.001132965	0.1729306	0.04733396	0.1027017	-0.001553949	0.001421442	0.001812486	-0.001359905	-0.001750564	0.0003129928
501	0.1363422	-0.1644635	0.1433845	-0.06993625	-0.1492386	-0.1485407	0.07191976	-0.5845595	-0.09977126	0.1906484	-0.01682799	0.07667637	0.002409888	0.008823371	0.0008833437	-0.0001934497	0.0001769505	-0.0002607304	-0.05240196	0.09166236	-0.2079837	-0.001908641	-0.005060661	0.003411923	-0.0003107835	-0.0008622753	-9.599444E-05	0.09461454	0.0609027	-0.2488302	0.003562911	0.006616767	-0.000386601	-0.0001934497	0.0001769505	-0.0002607304	0.1717336	0.04606065	0.104941	-0.001464729	0.0007477552	0.001919201	-0.0003107835	-0.0008622753	-9.599444E-05
505	0.137256	-0.1655751	0.1429996	-0.06978823	-0.1500652	-0.1496236	0.07066166	-0.5869838	-0.101454	0.1903416	-0.01232143	0.07787609	0.001730713	0.007744167	0.0009624384	-0.0003148812	-0.0001370879	-0.0001757741	-0.04672451	0.08792898	-0.1976705	-1.211744E-05	-0.004728841	0.005137261	0.0002410433	-0.0005637514	0.0003593385	0.09594838	0.06224249	-0.247939	0.003005645	0.005297524	-6.714859E-05	-0.0003148812	-0.0001370879	-0.0001757741	0.1985504	0.06268701	0.1678342	0.005605668	0.004717406	0.01716269	0.0002410433	-0.0005637514	0.0003593385
508	0.1393362	-0.1588866	0.1504905	-0.06761166	-0.1512269	-0.1497173	0.07258085	-0.5877508	-0.1004798	0.1910766	-0.009964406	0.07669115	0.001481784	0.006397381	0.0004255937	-0.000298393	-0.0004395126	-0.0002660418	-0.05152872	0.127813	-0.217464	-0.001210142	0.006424369	-0.001095432	-0.0001187237	0.002365489	-0.001288669	0.09699595	0.06449243	-0.2463845	0.002516126	0.004535628	0.0003382608	-0.000298393	-0.0004395126	-0.0002660418	0.1793946	0.0651232	0.0823487	-0.0005847029	0.004147102	-0.008499349	-0.0001187237	0.002365489	-0.001288669
511	0.145135	-0.1467223	0.1673906	-0.065253	-0.154748	-0.1504798	0.0749535	-0.5897512	-0.1003444	0.1968342	-0.02654728	0.06103516	0.002550735	0.0006523165	-0.003594803	4.344282E-05	-0.001765901	-0.001204631	-0.06892607	0.08558145	-0.191932	-0.005256942	-0.005739606	0.005561428	-0.001100743	-0.001266877	0.000697713	0.09730823	0.06903172	-0.246889	0.001965165	0.004536542	0.0001275722	4.344282E-05	-0.001765901	-0.001204631	0.1806388	0.06097695	0.08284128	-0.0001274692	0.002073765	-0.006251368	-0.001100743	-0.001266877	0.000697713
515	0.1443538	-0.1491948	0.1704135	-0.06806034	-0.158406	-0.1499903	0.07159409	-0.5916189	-0.09824896	0.1955033	-0.01770347	0.06627488	0.001580327	0.00270019	-0.001386171	-0.0002100199	-0.0008124572	-0.0003513149	-0.1124625	0.07712641	-0.2626507	-0.01482683	-0.006418464	-0.01350862	-0.003218028	-0.001119872	-0.004244227	0.09677579	0.07390584	-0.245032	0.001340762	0.004620938	0.0005599398	-0.0002100199	-0.0008124572	-0.0003513149	0.1920608	0.06581852	0.1677436	0.002759874	0.002765715	0.01653705	-0.003218028	-0.001119872	-0.004244227
518	0.1201415	-0.1851218	0.1748424	-0.09358932	-0.1952889	-0.1458204	0.04321779	-0.6252568	-0.09503937	0.1900901	-0.009662956	0.07855821	-0.0001680561	0.004035272	0.002031203	-0.0005946106	-0.0002755724	0.0005908574	-0.1056871	0.06913924	-0.2677565	-0.009426261	-0.006810641	-0.0114079	-0.00106338	-0.0009379485	-0.00265799	0.09466694	0.08136828	-0.2409192	0.0004783608	0.005331314	0.001448135	-0.0005946106	-0.0002755724	0.0005908574	0.1771542	0.07061851	0.08247864	-0.001656741	0.003274284	-0.008913446	-0.00106338	-0.0009379485	-0.00265799
521	0.09420404	-0.1972544	0.1617267	-0.1132586	-0.2153994	-0.1492507	0.0236841	-0.6441648	-0.09765244	0.1831749	-0.01073673	0.09085989	-0.001854826	0.002758009	0.004598823	-0.0008676505	-0.0005259949	0.001085048	-0.0896796	0.08525318	-0.2689037	-0.003067818	-0.001079496	-0.008842742	0.000792076	0.0007293248	-0.001352203	0.09083827	0.09365301	-0.2365785	-0.000598398	0.007069667	0.002171293	-0.0008676505	-0.0005259949	0.001085048	0.1750083	0.05820256	0.09423304	-0.001779012	-0.0006482734	-0.003746486	0.000792076	0.0007293248	-0.001352203
525	0.09954464	-0.2027295	0.1644363	-0.03804797	-0.1586305	-0.2216611	0.02352419	-0.6440467	-0.09682822	0.1781172	0.001601934	0.09900165	-0.002655547	0.005153174	0.005484556	-0.000850918	0.000204295	0.001035219	-0.08466293	0.07621519	-0.2733095	-0.001046696	-0.003069119	-0.007733491	0.001099337	4.958792E-05	-0.0007368395	0.01947133	0.06079754	-0.2181489	-0.01829053	-0.002911616	0.006235849	-0.000850918	0.000204295	0.001035219	0.1705621	0.04311213	0.1078565	-0.002445815	-0.004258814	0.0005960043	0.001099337	4.958792E-05	-0.0007368395
528	0.08507636	-0.1989438	0.1191041	-0.03401871	-0.1639951	-0.2211499	0.02796437	-0.647828	-0.09572101	0.1561476	-0.004870534	0.1266339	-0.007484064	0.002246764	0.01102148	-0.001845318	-0.0005733813	0.002160645	-0.04430485	0.07829595	-0.2553692	0.009304498	-0.001781651	-0.001315047	0.003412302	0.000359058	0.001051981	0.01629223	0.07623416	-0.2131555	-0.01451267	0.001675443	0.005925247	-0.001845318	-0.0005733813	0.002160645	0.1778385	0.02972603	0.101706	-1.525716E-05	-0.006540636	-0.001090618	0.003412302	0.000359058	0.001051981
532	0.06732274	-0.04206316	0.114444	-0.1258163	-0.05767713	-0.1468401	0.006432518	-0.4851145	-0.08907628	0.1401878	0.009393021	0.1413276	-0.009602997	0.005250962	0.01193954	-0.001913722	0.0003210135	0.00185	-0.03693597	0.07644099	-0.2535317	0.008820592	-0.001799977	-0.0005269126	0.00243825	0.0002647119	0.0009860196	0.0821268	0.1222761	-0.2158328	0.005574135	0.01276706	0.003774605	-0.001913722	0.0003210135	0.00185	0.19904	0.06570181	0.0277108	0.005288912	0.004088469	-0.01931677	0.00243825	0.0002647119	0.0009860196
535	0.08527738	-0.0007287562	0.1252038	-0.1258364	-0.05353144	-0.1450348	0.007006139	-0.4806731	-0.0864017	0.1271622	-0.03115797	0.1495364	-0.01045865	-0.006199527	0.01100684	-0.001649205	-0.002621862	0.001154326	-0.1141642	0.07123813	-0.2634952	-0.01269161	-0.002650698	-0.002886062	-0.003549363	-1.414621E-05	0.0001497272	0.08241306	0.1314226	-0.2106656	0.004252168	0.01186193	0.004122765	-0.001649205	-0.002621862	0.001154326	0.1993256	0.06251746	0.03123689	0.004038101	0.002270265	-0.01360606	-0.003549363	-1.414621E-05	0.0001497272
538	0.08924016	0.01122871	0.1325037	-0.1286085	-0.05589709	-0.1484892	0.008085504	-0.4760721	-0.08593845	0.1194542	-0.04922289	0.1510811	-0.009770978	-0.009165874	0.008641312	-0.001064985	-0.002707983	0.0002743611	-0.1110555	0.07098493	-0.2649209	-0.008741533	-0.002051323	-0.002520983	-0.001674504	0.0001392339	0.0002035654	0.08161883	0.1403134	-0.2029929	0.002990568	0.01111916	0.005010241	-0.001064985	-0.002707983	0.0002743611	0.1994004	0.06070593	0.03334332	0.003047273	0.001249815	-0.009677935	-0.001674504	0.0001392339	0.0002035654
542	0.08805549	0.01289618	0.1330266	-0.1290537	-0.05899423	-0.1523747	0.01010571	-0.4776714	-0.08763313	0.1158396	-0.05610815	0.1515758	-0.008231898	-0.00859572	0.006604664	-0.0004139689	-0.001888449	-0.0003033913	-0.1072124	0.07079062	-0.2665832	-0.005595368	-0.00158707	-0.002306301	-0.0004693363	0.0002204887	0.0002063445	0.0823362	0.1465096	-0.1951021	0.002422269	0.009888403	0.005730386	-0.0004139689	-0.001888449	-0.0003033913	0.1994625	0.05971304	0.03426969	0.002300989	0.0006891378	-0.007026858	-0.0004693363	0.0002204887	0.0002063445
545	0.0868833	0.01434994	0.1325338	-0.1272484	-0.0656904	-0.1522927	0.01315311	-0.483374	-0.08625937	0.1053158	-0.06697312	0.1546152	-0.00880486	-0.009163033	0.005713338	-0.0004537171	-0.001558165	-0.0004503749	-0.09661458	0.07142136	-0.2705145	-0.001547081	-0.001032619	-0.002712546	0.0006600695	0.0003039795	5.319697E-05	0.08305332	0.1502154	-0.188448	0.001995981	0.00834276	0.005961325	-0.0004537171	-0.001558165	-0.0004503749	0.1994382	0.0593276	0.0347507	0.001719662	0.0004204951	-0.005149891	0.0006600695	0.0003039795	5.319697E-05
548	0.08665924	0.01386943	0.1326621	-0.1255666	-0.06438236	-0.1539161	0.01462887	-0.4811353	-0.08759999	0.2054121	-0.01997986	-0.07399726	0.01842042	0.004876039	-0.0528681	0.006466033	0.002341144	-0.01498314	-0.2292902	0.0502196	-0.1348453	-0.03432923	-0.006074904	0.0318829	-0.007700485	-0.001032587	0.008688759	0.08378898	0.1501527	-0.1813004	0.0016809	0.006241397	0.006257881	0.006466033	0.002341144	-0.01498314	0.1994284	0.05908364	0.03498077	0.001287288	0.0002543808	-0.0038049	-0.007700485	-0.001032587	0.008688759
551	0.08665956	0.01339921	0.1329467	-0.1247992	-0.06412792	-0.1541195	0.01404577	-0.4780434	-0.0903511	0.203245	-0.03206277	-0.07658696	0.01327354	0.0006363031	-0.0402985	0.003562803	0.0006959242	-0.008094956	-0.2272293	0.05884105	-0.1339684	-0.02523169	-0.002400815	0.0241314	-0.00350098	0.0001440822	0.004578695	0.09027727	0.1633531	-0.1784699	0.002882748	0.007981137	0.005401038	0.003562803	0.0006959242	-0.008094956	0.1994313	0.05867541	0.03514528	0.0009661962	8.872757E-05	-0.002812547	-0.00350098	0.0001440822	0.004578695
555	0.08647396	0.0131937	0.1329906	-0.1240291	-0.06303197	-0.1545837	0.01523326	-0.4775279	-0.09035039	0.1904782	-0.05867028	-0.09578586	0.006763467	-0.006174651	-0.0350236	0.001044584	-0.001180795	-0.004752492	-0.2138515	0.07735151	-0.1258256	-0.0155793	0.002827004	0.02013423	-0.0002126372	0.001415016	0.002434728	0.09201194	0.1642156	-0.1749672	0.00259573	0.006201473	0.00492646	0.001044584	-0.001180795	-0.004752492	0.1993985	0.05864924	0.03518903	0.0007164515	6.000407E-05	-0.002098473	-0.0002126372	0.001415016	0.002434728
558	0.08630081	0.01311257	0.1327288	-0.1234169	-0.06186631	-0.1536715	0.01623228	-0.4770217	-0.08879137	0.1975523	-0.06766117	-0.0665791	0.006841107	-0.006878709	-0.01896601	0.0008028485	-0.001061611	0.0004500283	-0.2193913	0.08437029	-0.143225	-0.01306943	0.003874947	0.01075084	0.0004679904	0.001323248	-0.0005198002	0.0935183	0.1678031	-0.1697185	0.002323387	0.005547984	0.005007011	0.0008028485	-0.001061611	0.0004500283	0.1993725	0.05860245	0.03521943	0.0005308231	3.330564E-05	-0.001566255	0.0004679904	0.001323248	-0.0005198002
561	0.08611189	0.01293147	0.1326082	-0.1235559	-0.06143701	-0.152724	0.01824346	-0.4752431	-0.08729053	0.1972104	-0.07331371	-0.05981874	0.005045361	-0.006572169	-0.01253442	0.0001531998	-0.0007195732	0.001945419	-0.2202297	0.08827537	-0.1468148	-0.01001167	0.003882482	0.007165664	0.001115432	0.0009943198	-0.001286145	0.09807341	0.1749921	-0.1688696	0.002881316	0.005958239	0.003967481	0.0001531998	-0.0007195732	0.001945419	0.1993383	0.0585314	0.03523481	0.0003895789	7.217044E-06	-0.001170847	0.001115432	0.0009943198	-0.001286145
565	0.08599645	0.01282284	0.1325884	-0.1234783	-0.06002793	-0.152812	0.01944748	-0.474017	-0.08672166	0.1971722	-0.07189849	-0.06220055	0.003774484	-0.004575321	-0.009996265	-0.0002028194	-4.046794E-05	0.002093603	-0.2212396	0.08820081	-0.1453626	-0.007761241	0.00289322	0.0057373	0.001399181	0.0004984243	-0.001321699	0.1003623	0.1785422	-0.1661047	0.002733203	0.005356215	0.003666846	-0.0002028194	-4.046794E-05	0.002093603	0.1020203	0.1652467	-0.09487724	-0.02403731	0.02668424	-0.03340615	0.001399181	0.0004984243	-0.001321699
568	0.08590466	0.01272625	0.1325455	-0.1233394	-0.0581418	-0.1523688	0.02099357	-0.4725574	-0.08646321	0.1965373	-0.07367137	-0.06219339	0.002672125	-0.003874711	-0.007495411	-0.0004277044	0.0001448016	0.002195416	-0.2207219	0.08936438	-0.1453309	-0.005691496	0.002460808	0.004310902	0.001566822	0.0002657152	-0.001347874	0.1023014	0.1811862	-0.1651154	0.002534682	0.004678162	0.002997464	-0.0004277044	0.0001448016	0.002195416	0.1014807	0.1627352	-0.1002426	-0.0181629	0.0193853	-0.02639595	0.001566822	0.0002657152	-0.001347874
571	0.08580172	0.01249778	0.132405	-0.1231459	-0.05689123	-0.1518712	0.02169478	-0.4709089	-0.08574605	0.1968257	-0.07448512	-0.059618	0.002076204	-0.003109471	-0.004977709	-0.0004697585	0.0002999111	0.002275988	-0.2213899	0.09004664	-0.1466451	-0.004435627	0.002016172	0.002904636	0.001489084	8.812749E-05	-0.001362472	0.1025999	0.1817421	-0.1639392	0.001975644	0.00364759	0.002542127	-0.0004697585	0.0002999111	0.002275988	0.1011327	0.1615425	-0.1027534	-0.01370917	0.0142408	-0.02042466	0.001489084	8.812749E-05	-0.001362472
575	0.08569343	0.01237386	0.1323998	-0.1231839	-0.05644637	-0.1520684	0.02229606	-0.4699828	-0.08583236	0.1964412	-0.0748131	-0.06077743	0.001461033	-0.002414097	-0.004023139	-0.0005061116	0.0003987768	0.001945633	-0.2213254	0.09032449	-0.1459558	-0.003310604	0.001581591	0.002350794	0.001398069	-4.254971E-05	-0.001160315	0.1028954	0.182025	-0.1639583	0.001555602	0.00280642	0.001901827	-0.0005061116	0.0003987768	0.001945633	0.1011441	0.1610999	-0.1035095	-0.01027903	0.01056996	-0.01550753	0.001398069	-4.254971E-05	-0.001160315
578	0.09366615	-0.01534146	0.001606703	-0.1231042	-0.05643272	-0.1520691	0.02368931	-0.4726887	-0.08891034	0.1225221	-0.01451597	0.1548572	-0.01738402	0.01326371	0.05089129	-0.005090846	0.004218534	0.01518783	-0.1564329	0.05465716	-0.2330985	0.01374017	-0.00773064	-0.02002258	0.005311246	-0.00235997	-0.006463579	0.1028636	0.1819856	-0.1639864	0.001158759	0.002094973	0.001419337	-0.005090846	0.004218534	0.01518783	0.1009169	0.1611429	-0.1036772	-0.007766073	0.007938226	-0.01167255	0.005311246	-0.00235997	-0.006463579
581	0.09290704	-0.01545683	0.002404451	-0.1235215	-0.05554563	-0.1510606	0.02329481	-0.4744806	-0.09335303	0.1306098	0.02739412	0.1836896	-0.01101607	0.0204253	0.04537658	-0.002226149	0.004954299	0.0100122	-0.09654708	-0.07099652	-0.1862721	0.02527659	-0.0372114	-0.003310345	0.006867539	-0.009140167	-0.0006696256	0.1031695	0.1817834	-0.1643236	0.0009455308	0.001520678	0.0009802218	-0.002226149	0.004954299	0.0100122	0.1032923	0.1592866	-0.1042953	-0.00523071	0.005489588	-0.008908939	0.006867539	-0.009140167	-0.0006696256
585	0.09275792	-0.01624659	0.002916098	-0.1237602	-0.0557186	-0.1507688	0.02385434	-0.4755996	-0.09404445	0.1301388	0.03049332	0.1815886	-0.008379811	0.01609378	0.0335072	-0.001010546	0.002632843	0.004541802	-0.09652924	-0.0656276	-0.1882627	0.0189619	-0.02656632	-0.002980398	0.003571983	-0.004193855	-0.0004197324	0.1028839	0.1819148	-0.1646222	0.0006377529	0.001173343	0.0006605115	-0.001010546	0.002632843	0.004541802	0.1050373	0.1556763	-0.1083696	-0.00348676	0.003214613	-0.007700288	0.003571983	-0.004193855	-0.0004197324
588	0.09223489	-0.01608598	0.002788305	-0.1249215	-0.06330788	-0.1490588	0.02394011	-0.4769734	-0.09620285	0.1304144	0.03107837	0.1817822	-0.006215963	0.0122166	0.0251788	-0.0002169476	0.001005337	0.001324252	-0.09676436	-0.0638153	-0.1888068	0.01416265	-0.01947166	-0.002371316	0.001479173	-0.001371727	-0.0001625289	0.1033655	0.1882306	-0.1667877	0.0005987161	0.002458964	-4.600536E-05	-0.0002169476	0.001005337	0.001324252	0.1049435	0.1552984	-0.1091456	-0.002638541	0.002316471	-0.005969229	0.001479173	-0.001371727	-0.0001625289
591	0.09186054	-0.01261458	0.002673388	-0.1255167	-0.06326512	-0.1486666	0.02350985	-0.4742228	-0.09746242	0.1317818	0.03446057	0.1827524	-0.004320132	0.010008	0.01912663	0.0003112471	0.000201853	-0.0005198533	-0.09696476	-0.06224319	-0.1893106	0.01057188	-0.01421072	-0.001904432	0.0002116889	0.0002864397	-5.175549E-06	0.1033091	0.190351	-0.1677052	0.0004349331	0.002374317	-0.0002638627	0.0003112471	0.000201853	-0.0005198533	0.1022295	0.1569693	-0.1094289	-0.002657391	0.002155093	-0.004547732	0.0002116889	0.0002864397	-5.175549E-06
594	0.09174502	-0.01011232	0.002578497	-0.1258134	-0.06214312	-0.1482186	0.02359426	-0.4721401	-0.09773254	0.142767	0.04452524	0.1939166	-0.0004937779	0.01002216	0.01713602	0.001190024	0.0001549311	-0.0008875427	-0.09721827	-0.06271544	-0.1892693	0.007865537	-0.0107761	-0.001418012	-0.0005178203	0.001073485	0.0001177232	0.1030425	0.1908229	-0.1685658	0.0002595469	0.001898725	-0.00041304	0.001190024	0.0001549311	-0.0008875427	0.09951212	0.1581205	-0.1107495	-0.002672395	0.00190412	-0.003740949	-0.0005178203	0.001073485	0.0001177232
598	0.0923575	-0.01397926	0.0006291866	-0.1253526	-0.06389222	-0.1480899	0.02256604	-0.4755342	-0.09876394	0.09251088	-0.01181972	0.239984	-0.01293437	-0.006569616	0.02436888	-0.002217631	-0.004031747	0.001142559	-0.0978771	-0.06393506	-0.1883628	0.005734445	-0.008386981	-0.0008368924	-0.0009211383	0.001402394	0.0002335724	0.09729852	0.18346	-0.1665685	-0.001241327	-0.0004166965	0.0001895281	-0.002217631	-0.004031747	0.001142559	0.1002594	0.1566437	-0.1124173	-0.001817471	0.001058884	-0.003222676	-0.0009211383	0.001402394	0.0002335724
601	0.09243402	-0.01451924	-0.0006930828	-0.1250335	-0.06476954	-0.1487451	0.02182332	-0.4766821	-0.1002107	0.08902507	-0.0138188	0.2471652	-0.01057223	-0.005426982	0.02007195	-0.001072688	-0.002738151	-0.000217313	-0.09786229	-0.06392878	-0.1883652	0.004304537	-0.006288667	-0.0006282653	-0.001048331	0.001576374	0.0002273361	0.09490125	0.1813527	-0.16645	-0.001530313	-0.0008393455	0.0001717696	-0.001072688	-0.002738151	-0.000217313	0.09648973	0.1563185	-0.1164546	-0.002305523	0.0007128773	-0.003426322	-0.001048331	0.001576374	0.0002273361
604	0.09171978	-0.01144567	0.0004754066	-0.1255918	-0.0660522	-0.1490993	0.02206983	-0.4756737	-0.1009192	0.08872458	-0.01064682	0.2539692	-0.008004297	-0.003277242	0.01675496	-0.000162532	-0.001516178	-0.0009922325	-0.09889121	-0.06654334	-0.1868649	0.002971171	-0.00537014	-9.610696E-05	-0.001119589	0.001411912	0.0003035416	0.09412833	0.1831317	-0.1669682	-0.001340966	-0.0001847541	-7.235067E-07	-0.000162532	-0.001516178	-0.0009922325	0.09417915	0.1570525	-0.1174121	-0.002306788	0.0007181509	-0.002809114	-0.001119589	0.001411912	0.0003035416
608	0.08184296	-0.02215818	0.1877217	-0.1225764	-0.06319913	-0.1463923	0.02628525	-0.4715364	-0.09226274	0.1580396	0.007802755	0.1243727	0.01132553	0.002154463	-0.0198329	0.004710557	0.0002207923	-0.009891138	-0.1439555	-0.04359105	-0.2552824	-0.009037682	0.001710467	-0.01717647	-0.003841905	0.002829086	-0.004042434	0.091253	0.1792181	-0.169793	-0.001724556	-0.001116954	-0.0007067384	0.004710557	0.0002207923	-0.009891138	0.09248611	0.1563216	-0.1199017	-0.002153353	0.0003558802	-0.002729227	-0.003841905	0.002829086	-0.004042434
611	0.07381561	-0.03139666	0.1684351	-0.1202295	-0.07441252	-0.1534908	0.02816571	-0.4852891	-0.09709406	0.1459825	0.03874049	0.1313293	0.005479887	0.009350279	-0.01313553	0.002071508	0.001964548	-0.005744012	-0.04386786	0.02725542	-0.2922723	0.01824364	0.01899447	-0.02212983	0.0039389	0.006442815	-0.004270167	0.08825502	0.1816019	-0.1727738	-0.002042912	-0.0002417805	-0.001275261	0.002071508	0.001964548	-0.005744012	0.09947906	0.1533083	-0.1180847	0.0001332231	-0.000486418	-0.001592673	0.0039389	0.006442815	-0.004270167
614	0.07252556	-0.03235328	0.1654336	-0.1187831	-0.06684113	-0.1535888	0.02857054	-0.4888838	-0.09814048	0.1629947	0.09470242	0.08007789	0.008362956	0.02100319	-0.0226645	0.002274398	0.00438664	-0.006690252	-0.01088876	0.01636747	-0.2215412	0.0219275	0.01152386	0.001085415	0.003875141	0.00296446	0.002601187	0.08754757	0.179784	-0.1723039	-0.001709046	-0.0006358059	-0.0008389649	0.002274398	0.00438664	-0.006690252	0.1772487	0.09535179	0.05625963	0.01954232	-0.01485394	0.04239157	0.003875141	0.00296446	0.002601187
618	0.08403894	-0.0221245	0.176172	-0.114198	-0.05570471	-0.1472952	0.03225397	-0.479478	-0.08844352	0.1563548	0.09351292	0.09095359	0.004612239	0.01545502	-0.01427945	0.0007681192	0.001902937	-0.002921426	0.103004	0.1456272	-0.1242673	0.04491882	0.04095783	0.02513252	0.008654186	0.009581837	0.007962666	0.09849538	0.1938724	-0.1611581	0.001455168	0.003045236	0.002157234	0.0007681192	0.001902937	-0.002921426	0.1788104	0.1075172	0.02761173	0.01504718	-0.008099095	0.0246317	0.008654186	0.009581837	0.007962666
621	0.08582634	-0.01353854	0.1759527	-0.1104502	-0.03915215	-0.1406848	0.03402854	-0.4752246	-0.08512592	0.1506746	0.1128249	0.07985973	0.002039128	0.01641926	-0.01348305	-6.718823E-05	0.001668261	-0.00199197	0.1342231	0.179493	-0.1731284	0.04149388	0.03918482	0.006634131	0.005634404	0.006743126	0.001347403	0.1350475	0.2221957	-0.1351719	0.01022941	0.00936475	0.008114474	-6.718823E-05	0.001668261	-0.00199197	0.1646933	0.1330172	-0.01297235	0.00775611	0.0003006859	0.008327754	0.005634404	0.006743126	0.001347403
624	0.09326939	0.04126936	0.1801779	-0.1090598	-0.00197345	-0.1313171	0.03531296	-0.4431072	-0.06892085	0.1561001	0.1341689	0.03369617	0.002885717	0.01765044	-0.02165318	0.000161256	0.001558991	-0.003536509	0.1534666	0.2089514	-0.1320174	0.0359313	0.03675323	0.01525335	0.002835159	0.004449445	0.003165356	0.1562788	0.2281419	-0.100986	0.01297989	0.008510117	0.01463233	0.000161256	0.001558991	-0.003536509	0.1595764	0.1670646	-0.03425336	0.004537859	0.008737355	0.0009255647	0.002835159	0.004449445	0.003165356
628	0.08653808	0.05055386	0.1620426	-0.1040176	0.004791349	-0.125663	0.03317593	-0.4434086	-0.07067513	0.1808898	0.1779384	-0.01044345	0.008361707	0.02418022	-0.02727479	0.001489939	0.002801689	-0.004057785	0.1583956	0.1999668	-0.0610323	0.02818072	0.02531876	0.02918628	0.0001887239	0.0004784663	0.00585725	0.17303	0.2250153	-0.07180429	0.01392272	0.005600955	0.01826967	0.001489939	0.002801689	-0.004057785	0.1806777	0.2183478	-0.05158353	0.008678715	0.01937383	-0.003638369	0.0001887239	0.0004784663	0.00585725
631	0.07239677	0.05980095	0.1374342	-0.1090358	0.009496212	-0.1301551	0.02069758	-0.4408979	-0.07692122	0.1801374	0.1937535	-0.02634954	0.006083186	0.02208894	-0.02443262	0.0005478245	0.001578447	-0.002332795	0.1844217	0.216033	-0.03868008	0.02764207	0.02300562	0.02747776	6.881135E-06	-0.0002194355	0.003965809	0.1527766	0.2222356	-0.05830216	0.005378686	0.003505793	0.01707779	0.0005478245	0.001578447	-0.002332795	0.1808391	0.2161772	-0.06167316	0.006549381	0.0139877	-0.005251186	6.881135E-06	-0.0002194355	0.003965809
634	0.09776272	0.1020271	0.1245911	-0.1047063	0.01895601	-0.1248763	0.02004725	-0.4343916	-0.07191682	0.1895092	0.2153258	-0.0297997	0.006905355	0.02195978	-0.019187	0.0006164106	0.001151545	-0.0004381929	0.1977346	0.2046217	-0.0274725	0.02405978	0.0144014	0.02341022	-0.0008904129	-0.002315631	0.00195747	0.146877	0.2114534	-0.06120515	0.002559105	-6.620795E-05	0.01208259	0.0006164106	0.001151545	-0.0004381929	0.1795868	0.2192855	-0.05126858	0.004598962	0.01126787	-0.001337243	-0.0008904129	-0.002315631	0.00195747
638	0.09836978	0.1008745	0.1269777	-0.1038527	0.01840395	-0.1217275	0.01920219	-0.4298421	-0.06835938	0.135605	0.1615382	-0.03517222	-0.008297035	0.003022935	-0.01573338	-0.003338289	-0.003870552	0.0005347603	0.1840353	0.2156987	-0.04375124	0.01462001	0.01357028	0.01348798	-0.003027753	-0.001944503	-0.001012457	0.1440157	0.2091253	-0.06088591	0.001203995	-0.0006316953	0.009141756	-0.003338289	-0.003870552	0.0005347603	0.1821495	0.220168	-0.02618456	0.004089904	0.008671515	0.005268073	-0.003027753	-0.001944503	-0.001012457
641	0.0996211	0.102944	0.1256106	-0.1036825	0.02185756	-0.1183627	0.01913313	-0.4272569	-0.06778216	0.135225	0.1619015	-0.03439975	-0.006317775	0.002358017	-0.01160692	-0.002008902	-0.003069144	0.001432686	0.1839789	0.2156537	-0.0442543	0.01095091	0.01016648	0.009990217	-0.003188089	-0.002309328	-0.001633783	0.1424348	0.2048602	-0.05989075	0.0005077912	-0.001540032	0.007105107	-0.002008902	-0.003069144	0.001432686	0.1785148	0.2232278	-0.02343082	0.002158741	0.007268587	0.004639488	-0.003188089	-0.002309328	-0.001633783
644	0.1015518	0.1031615	0.1288235	-0.1017231	0.02193204	-0.1148036	0.01921257	-0.4257845	-0.06621814	0.1820373	0.2202615	-0.04493284	0.006964731	0.01635852	-0.01133846	0.00181395	0.001198269	0.001141629	0.1592111	0.1849206	-0.04040933	0.00202121	-5.842047E-05	0.008453907	-0.004623492	-0.00428822	-0.001609415	0.1420722	0.2049642	-0.05722022	0.0002901847	-0.001129029	0.005996462	0.00181395	0.001198269	0.001141629	0.1791677	0.2226465	-0.02477145	0.001782275	0.005306109	0.003144459	-0.004623492	-0.00428822	-0.001609415
648	0.1016697	0.1022166	0.1281781	-0.1014853	0.02070063	-0.1150565	0.01961817	-0.4264171	-0.06660652	0.1412156	0.1555854	-0.0436306	-0.004981877	-0.00390015	-0.008178285	-0.001626189	-0.004165967	0.001646266	0.1777206	0.2212234	-0.04105997	0.006143303	0.009031886	0.00617777	-0.002437096	-0.0009435883	-0.001776096	0.1417224	0.2056691	-0.05579019	0.0001301762	-0.0006705503	0.004854855	-0.001626189	-0.004165967	0.001646266	0.1815858	0.2207146	-0.02470016	0.001941254	0.00349662	0.002376166	-0.002437096	-0.0009435883	-0.001776096
651	0.1019659	0.1013273	0.1279194	-0.1012419	0.01995498	-0.1149509	0.01961653	-0.4267031	-0.06770205	0.14017	0.1565371	-0.04347348	-0.003997796	-0.002687171	-0.006094434	-0.0009736218	-0.00282123	0.001755662	0.1796005	0.2194599	-0.04299784	0.005077452	0.006333034	0.00414886	-0.002094284	-0.001382404	-0.001839299	0.1413859	0.2066894	-0.0546689	1.350762E-05	-0.0002478421	0.003921462	-0.0009736218	-0.00282123	0.001755662	0.1828591	0.2193895	-0.02918005	0.001774248	0.002291183	0.0006621534	-0.002094284	-0.001382404	-0.001839299
654	0.0861304	0.07635602	0.1276329	-0.1016813	0.0200471	-0.11447	0.01798998	-0.4270079	-0.07031727	0.1860449	0.2169423	-0.04722238	0.008470376	0.01308591	-0.005508049	0.002386827	0.001827348	0.001463343	0.1993268	0.2025913	-0.03503275	0.008739662	0.0005326276	0.005102918	-0.0006551608	-0.002486905	-0.00114096	0.1491764	0.2004096	-0.04683304	0.001957765	-0.001755831	0.004900063	0.002386827	0.001827348	0.001463343	0.1816124	0.2201022	-0.03282809	0.00101901	0.00189656	-0.0004153957	-0.0006551608	-0.002486905	-0.00114096
658	0.08034924	0.07197165	0.1119554	-0.1095097	0.01442966	-0.1285586	0.009996556	-0.4325827	-0.08613944	0.1885406	0.2151335	-0.04449153	0.006976709	0.009362237	-0.003448325	0.001416703	0.0004395922	0.001612438	0.1969702	0.2046314	-0.03686762	0.005965596	0.0009095076	0.003368471	-0.001184887	-0.001770959	-0.001289332	0.1492689	0.2003821	-0.04716897	0.001491457	-0.001323757	0.003591064	0.001416703	0.0004395922	0.001612438	0.1819208	0.2198309	-0.03304887	0.0008413558	0.00135459	-0.0003667406	-0.001184887	-0.001770959	-0.001289332
661	0.08265521	0.07250714	0.1075549	-0.1111304	0.01359212	-0.1314681	0.008293018	-0.4335307	-0.0898881	0.1898647	0.214327	-0.04111505	0.005563542	0.006820058	-0.001742123	0.0007092357	-0.0003058506	0.001635879	0.1954866	0.2057984	-0.03857136	0.004103281	0.0009738805	0.002100418	-0.001354244	-0.001312126	-0.001284012	0.1491567	0.2003017	-0.04745626	0.001090542	-0.001012905	0.002621475	0.0007092357	-0.0003058506	0.001635879	0.182121	0.2195501	-0.03428531	0.0006810773	0.0009457431	-0.0005841652	-0.001354244	-0.001312126	-0.001284012
665	0.0833734	0.0711922	0.1035969	-0.1136363	0.01130649	-0.1352944	0.009082355	-0.4313636	-0.09246469	0.1904614	0.2139159	-0.03975987	0.004321843	0.005012263	-0.0009677995	0.000221502	-0.0006813367	0.00142049	0.1920687	0.2085214	-0.04176784	0.002223006	0.00141114	0.0007761943	-0.001485752	-0.0008747794	-0.001294065	0.1488318	0.2006026	-0.04845905	0.0007366838	-0.0006844575	0.001715409	0.000221502	-0.0006813367	0.00142049	0.1824066	0.2190732	-0.03666568	0.0005822032	0.000590098	-0.001033217	-0.001485752	-0.0008747794	-0.001294065
668	0.08565927	0.071008	0.1039631	-0.1135194	0.009705961	-0.1350677	0.008575961	-0.4326671	-0.09331918	0.1900343	0.2142933	-0.03949475	0.003134605	0.003853536	-0.0006595692	-0.0001306832	-0.0008006842	0.001142425	0.1965019	0.2052586	-0.03461719	0.00277554	0.0002426656	0.002369808	-0.0009761804	-0.0009482032	-0.0005721452	0.1566954	0.1946878	-0.04076409	0.002518415	-0.001992045	0.003210297	-0.0001306832	-0.0008006842	0.001142425	0.174384	0.2243914	-0.04487586	-0.001568996	0.001772115	-0.002827458	-0.0009761804	-0.0009482032	-0.0005721452
675	0.09462146	0.07525837	0.1055677	-0.1132455	0.00730288	-0.1331451	0.009494744	-0.4323105	-0.09156895	0.1889249	0.2151978	-0.03901887	0.002073606	0.003116285	-0.0003757061	-0.0003632621	-0.000784826	0.0009277847	0.1870966	0.2041381	-0.03338361	-0.0002696628	-9.81277E-05	0.002085751	-0.001493436	-0.0007963507	-0.0005001233	0.1477818	0.2004768	-0.04986095	-0.0003395975	-4.678825E-05	0.0001335072	-0.0003632621	-0.000784826	0.0009277847	0.1827974	0.2186826	-0.03740883	0.0009265969	-9.811739E-05	-0.0002538357	-0.001493436	-0.0007963507	-0.0005001233
678	0.09757746	0.07560983	0.1116745	-0.1095993	0.007189214	-0.1273773	0.01346435	-0.4316469	-0.08539891	0.1906979	0.2138142	-0.03722477	0.001998443	0.00199132	0.0001667454	-0.0002912373	-0.0008698606	0.0008314514	0.1874893	0.2068487	-0.0351727	-0.0001040671	0.0006040494	0.00111704	-0.001078678	-0.0004217188	-0.0006172702	0.1585225	0.1932709	-0.04053092	0.002430487	-0.001836552	0.002432639	-0.0002912373	-0.0008698606	0.0008314514	0.1764212	0.2228575	-0.04462433	-0.0008991041	0.000970134	-0.001994252	-0.001078678	-0.0004217188	-0.0006172702
681	0.09900296	0.0778873	0.116401	-0.1073054	0.008587927	-0.1232896	0.01568707	-0.4294551	-0.08097744	0.192488	0.2123416	-0.03589058	0.001946359	0.001125342	0.0004586066	-0.000231449	-0.00086889	0.0006965538	0.1876352	0.2090459	-0.03654575	-4.15909E-05	0.001002339	0.0004945166	-0.0007933895	-0.0002167168	-0.0006185835	0.1590908	0.1928204	-0.04052234	0.001964933	-0.001490037	0.001826625	-0.000231449	-0.00086889	0.0006965538	0.1767438	0.2226195	-0.04454708	-0.0005936755	0.000668115	-0.001476377	-0.0007933895	-0.0002167168	-0.0006185835
684	0.1057307	0.088678	0.1345248	-0.0995376	0.0197458	-0.1055841	0.02336181	-0.4179488	-0.0631249	0.1945299	0.2105921	-0.03486371	0.001970249	0.0004066129	0.0006006722	-0.0001676141	-0.0008313498	0.0005579318	0.1867688	0.2113513	-0.03754783	-0.000247789	0.001328101	0.0001203691	-0.0006465917	-8.109698E-05	-0.0005574744	0.1799633	0.2223931	-0.05707765	0.006691811	0.006275638	-0.002768859	-0.0001676141	-0.0008313498	0.0005579318	0.177228	0.222777	-0.03826261	-0.0003241922	0.0005404552	0.0004638361	-0.0006465917	-8.109698E-05	-0.0005574744
688	0.1028971	0.08362293	0.1314497	-0.1008346	0.016265	-0.1094682	0.02330944	-0.4217448	-0.06494999	0.1961196	0.2092357	-0.03381491	0.001875116	-3.413862E-05	0.000712705	-0.0001494939	-0.0007337002	0.000446457	0.1863615	0.2138748	-0.03901982	-0.0002876651	0.001626946	-0.0002777222	-0.0004949128	1.388857E-05	-0.0005176287	0.1801543	0.2218457	-0.05927038	0.005066616	0.004569869	-0.002624828	-0.0001494939	-0.0007337002	0.000446457	0.178652	0.2218654	-0.03637815	0.0001128595	0.000177443	0.0008189922	-0.0004949128	1.388857E-05	-0.0005176287
691	0.1013818	0.08031926	0.1299129	-0.101514	0.01397809	-0.1118095	0.02259264	-0.4240841	-0.06718564	0.1975358	0.2080034	-0.03281689	0.001760381	-0.0003336631	0.0007840338	-0.0001408042	-0.0006251563	0.000352675	0.1910281	0.2092264	-0.04307604	0.0009509152	5.81278E-05	-0.001222346	-6.153953E-05	-0.0003817882	-0.0006243773	0.1802879	0.2212054	-0.06204534	0.003833352	0.003267348	-0.002662359	-0.0001408042	-0.0006251563	0.000352675	0.180697	0.2205575	-0.03311014	0.0005958737	-0.0001938939	0.001431245	-6.153953E-05	-0.0003817882	-0.0006243773
694	0.1004994	0.07716572	0.1301322	-0.1013727	0.01217708	-0.1124499	0.02314734	-0.4266129	-0.06808233	0.2024296	0.2034808	-0.03064752	0.002543746	-0.00138091	0.001130368	9.023801E-05	-0.000730679	0.0003510898	0.179429	0.2168025	-0.05706072	-0.002186606	0.001937608	-0.004412929	-0.0008305349	0.0001835289	-0.001265929	0.1804491	0.2196808	-0.06856203	0.002915318	0.002069355	-0.003625943	9.023801E-05	-0.000730679	0.0003510898	0.1852188	0.2174333	-0.02533841	0.001577371	-0.0009264797	0.003016366	-0.0008305349	0.0001835289	-0.001265929
698	0.1051958	0.03497568	0.1393852	-0.1022221	0.008926928	-0.1142051	0.02050637	-0.4362904	-0.0718627	0.1902793	0.2146742	-0.03547788	-0.001129785	0.001762673	-0.0003598141	-0.0008507041	0.0002378866	-0.0001092282	0.1763805	0.2124406	-0.08345437	-0.00240207	0.000362739	-0.00990811	-0.0006767674	-0.0002560706	-0.002323242	0.1790293	0.2172445	-0.08218431	0.001831558	0.0009429384	-0.006125028	-0.0008507041	0.0002378866	-0.0001092282	0.1919883	0.2119619	-0.01020908	0.002875394	-0.002062697	0.006044607	-0.0006767674	-0.0002560706	-0.002323242
701	0.105298	0.03328866	0.1427574	-0.103436	0.003749281	-0.1163797	0.01996984	-0.4450868	-0.07548189	0.1970643	0.2082075	-0.03939199	0.0008489162	-0.0002946814	-0.00124839	-0.0001433528	-0.0003359237	-0.0003040651	0.1646832	0.2203746	-0.08714533	-0.00472588	0.002255563	-0.008353822	-0.001088528	0.000281153	-0.001353859	0.1745313	0.2089872	-0.113718	0.000249156	-0.001357129	-0.0124772	-0.0001433528	-0.0003359237	-0.0003040651	0.206289	0.1956722	0.02027321	0.005731729	-0.00561945	0.01215403	-0.001088528	0.000281153	-0.001353859
705	0.1073572	0.02417555	0.1425645	-0.1102138	-0.00154233	-0.1223934	0.01678914	-0.4524875	-0.08213925	0.1848207	0.1098325	0.0004174709	-0.002424216	-0.02481476	0.009016074	-0.0009257977	-0.006381962	0.002338067	0.118625	0.2255265	-0.1408234	-0.01505897	0.002979646	-0.01968488	-0.003399667	0.0003918857	-0.003848158	0.1588701	0.1906079	-0.1451423	-0.003728439	-0.005612664	-0.01721397	-0.0009257977	-0.006381962	0.002338067	0.215999	0.1792352	0.04481816	0.0067263	-0.008323836	0.01525176	-0.003399667	0.0003918857	-0.003848158
708	0.1033397	0.03192779	0.154753	-0.1098569	0.0161435	-0.1094389	0.02209798	-0.4451134	-0.07046914	0.1826613	0.1126947	0.02067852	-0.002358005	-0.01789552	0.01182732	-0.0006777956	-0.003056663	0.002456361	0.1112423	0.1668056	-0.1525657	-0.0131399	-0.01244551	-0.01769925	-0.002069984	-0.003562375	-0.002389711	0.1599986	0.1788425	-0.1670868	-0.002514206	-0.007150861	-0.01839661	-0.0006777956	-0.003056663	0.002456361	0.2156553	0.1499311	0.04237962	0.00495879	-0.01356891	0.01082918	-0.002069984	-0.003562375	-0.002389711
711	0.1090653	0.0428319	0.1820588	-0.1105854	0.02255484	-0.08422756	0.03106315	-0.4304505	-0.04568672	0.207204	0.03108779	0.02226591	0.004367168	-0.03382336	0.009267336	0.001172947	-0.006274456	0.001202276	0.08277695	0.1899737	-0.1645927	-0.01697126	-0.003542088	-0.01628119	-0.002510327	-0.0004459256	-0.00143777	0.1627332	0.1513715	-0.195294	-0.001202004	-0.01223087	-0.02084925	0.001172947	-0.006274456	0.001202276	0.2065602	0.1224546	0.04861176	0.001445317	-0.01704582	0.009679923	-0.002510327	-0.0004459256	-0.00143777
715	0.1218252	0.04654767	0.2078781	-0.1114497	0.01629694	-0.06780863	0.03903624	-0.4167348	-0.02878761	0.2100104	-0.01668772	0.01797771	0.003976986	-0.0373114	0.005878453	0.0007821645	-0.005577852	5.448586E-05	0.06573313	0.1589647	-0.1689656	-0.0169894	-0.01040882	-0.0133041	-0.00188728	-0.002051127	-0.0003340549	0.1622002	0.123876	-0.220106	-0.001034734	-0.01604704	-0.02183994	0.0007821645	-0.005577852	5.448586E-05	0.1840396	0.09353644	0.03710592	-0.004546166	-0.02001389	0.004383482	-0.00188728	-0.002051127	-0.0003340549
718	0.09003864	0.02568468	0.1733336	-0.1347035	0.02569973	-0.09235644	0.01523434	-0.4116617	-0.05568027	0.1993393	-0.06264055	0.02883005	0.0003149584	-0.03947175	0.007121924	-0.0003288835	-0.004723478	0.0003517322	0.08675967	0.1661269	-0.204824	-0.007485414	-0.00601607	-0.01894267	0.0009605356	-0.0004401578	-0.001660184	0.1280248	0.06400931	-0.2510312	-0.009319907	-0.02700195	-0.02411124	-0.0003288835	-0.004723478	0.0003517322	0.2088473	0.06767622	0.03406787	0.002792317	-0.02147547	0.002528099	0.0009605356	-0.0004401578	-0.001660184
721	0.07837962	0.03169331	0.1702271	-0.107394	-0.05011547	-0.1271186	0.05297502	-0.4977727	-0.08946109	0.1997779	-0.2113037	-0.00829196	0.0003458578	-0.06676961	-0.00393906	-0.0002389377	-0.01036707	-0.002501447	0.1268495	0.07877177	-0.1611431	0.004408397	-0.02635084	-0.003286779	0.003693854	-0.00541381	0.002668836	0.09925532	-0.01266944	-0.2576071	-0.0141823	-0.03942116	-0.01972742	-0.0002389377	-0.01036707	-0.002501447	0.2756819	0.04474396	0.0610472	0.01880289	-0.02183967	0.008640906	0.003693854	-0.00541381	0.002668836
725	0.08012969	0.03782082	0.1733351	-0.1087223	-0.05487764	-0.1324141	0.04638755	-0.5359722	-0.09615898	0.1420773	-0.2541018	-0.01000929	-0.01416575	-0.06077674	-0.003383627	-0.003807106	-0.006277085	-0.001737227	0.1733706	-0.03904336	-0.1271627	0.01493657	-0.04921691	0.006030008	0.005402435	-0.009776876	0.004330824	0.07091787	-0.06655788	-0.2412208	-0.01772109	-0.04303798	-0.01069899	-0.003807106	-0.006277085	-0.001737227	0.2889785	-0.01585139	-0.01169956	0.01742629	-0.03152859	-0.01170601	0.005402435	-0.009776876	0.004330824
728	0.1319583	-0.115027	0.1246798	-0.08436839	-0.05191463	-0.1420798	0.048339	-0.5053654	-0.0928843	0.08031157	-0.2308685	0.03527713	-0.02606574	-0.03977421	0.008783884	-0.005830326	0.0005428167	0.001738958	0.156649	-0.003424667	-0.153965	0.007022031	-0.02800801	-0.002178069	0.002073191	-0.002030432	0.001196099	0.022562	-0.12702	-0.2011472	-0.02537979	-0.04739402	0.001994163	-0.005830326	0.0005428167	0.001738958	0.244345	-0.0762805	-0.07315898	0.001911358	-0.03875372	-0.02414436	0.002073191	-0.002030432	0.001196099
731	0.1286794	-0.1156893	0.1166553	-0.08214176	-0.05308971	-0.1425362	0.04736478	-0.5085304	-0.09434319	0.04835616	-0.2080268	0.006986618	-0.02753816	-0.02412025	-0.0004847143	-0.00474085	0.004320605	-0.001012931	0.1501639	0.02791402	-0.1583009	0.003645236	-0.01317134	-0.002717522	0.0007106942	0.002186344	0.0007622107	-0.001887172	-0.1822767	-0.1734586	-0.02514713	-0.04935969	0.008417778	-0.00474085	0.004320605	-0.001012931	0.1638412	-0.1117879	-0.09165859	-0.01869243	-0.03794214	-0.02273317	0.0007106942	0.002186344	0.0007622107
735	0.1277661	-0.1170836	0.1125319	-0.0803636	-0.05608207	-0.1422353	0.03548674	-0.5153699	-0.1049106	0.05110295	-0.2855607	-0.03112984	-0.01996692	-0.03747365	-0.00989265	-0.001662828	-9.789644E-05	-0.003111682	0.1087218	-0.1589102	-0.1004505	-0.00762659	-0.05658457	0.01242445	-0.002284936	-0.009213549	0.004357151	-0.01501596	-0.2085058	-0.1486318	-0.02214255	-0.04357705	0.01252002	-0.001662828	-9.789644E-05	-0.003111682	0.1032461	-0.1664043	-0.09667313	-0.02916811	-0.0421107	-0.01830352	-0.002284936	-0.009213549	0.004357151
738	0.1260566	-0.1184154	0.1097488	-0.08023015	-0.05910474	-0.1402512	0.03243858	-0.5148148	-0.1035943	0.04897556	-0.2861047	-0.02702522	-0.01550704	-0.02824125	-0.006393334	-0.0001321501	0.002234676	-0.001458933	0.07949613	-0.2513128	-0.1253006	-0.01302636	-0.06553906	0.003105804	-0.003063644	-0.009148786	0.000938202	-0.02304727	-0.2332495	-0.1227036	-0.01861474	-0.0388687	0.01587208	-0.0001321501	0.002234676	-0.001458933	0.06688601	-0.1813413	-0.101475	-0.0309661	-0.03531729	-0.0149281	-0.003063644	-0.009148786	0.000938202
742	0.1221741	-0.1185037	0.1081407	-0.08527201	-0.05911523	-0.1402066	0.05571406	-0.5236593	-0.1004691	0.04738251	-0.2864401	-0.02455068	-0.01202854	-0.02126477	-0.004176364	0.000770511	0.003420127	-0.000539957	0.07851168	-0.2516872	-0.1251361	-0.01001588	-0.04924789	0.00237048	-0.001545114	-0.002788797	0.0005198205	-0.03212968	-0.2574852	-0.1162934	-0.01623165	-0.03521046	0.01350659	0.000770511	0.003420127	-0.000539957	0.03745806	-0.2509244	-0.1094869	-0.03058156	-0.04388373	-0.01319906	-0.001545114	-0.002788797	0.0005198205
745	0.1234216	-0.1183038	0.1066792	-0.08640743	-0.05879799	-0.1395478	0.0294836	-0.5361102	-0.1090593	0.04671403	-0.2865821	-0.02307963	-0.009188527	-0.01598409	-0.002764512	0.001287887	0.003885266	-5.200485E-05	0.0775483	-0.2522258	-0.1245937	-0.007752758	-0.03707058	0.001913461	-0.0005930542	0.0009527304	0.0002756105	-0.04422733	-0.2729426	-0.1070387	-0.01519815	-0.03027219	0.01244362	0.001287887	0.003885266	-5.200485E-05	-0.009337127	-0.2607755	-0.08969975	-0.03463497	-0.03537557	-0.0049525	-0.0005930542	0.0009527304	0.0002756105
748	0.1233906	-0.1180064	0.1052783	-0.0874677	-0.06021345	-0.1399271	0.02777097	-0.5365037	-0.1040616	0.04660552	-0.2866251	-0.02233982	-0.006918522	-0.01199882	-0.001888431	0.001533417	0.003910267	0.0001800167	-0.1964447	-0.1062633	-0.1916547	-0.07431281	0.008687684	-0.01533014	-0.01708481	0.01215411	-0.004104192	-0.06773293	-0.2727706	-0.09170198	-0.01727501	-0.02266113	0.0131669	0.001533417	0.003910267	0.0001800167	-0.05015522	-0.275842	-0.07597089	-0.03618075	-0.0302983	-0.0002821605	-0.01708481	0.01215411	-0.004104192
751	0.1235014	-0.1182088	0.1042161	-0.08993974	-0.06060129	-0.139997	0.02486337	-0.5346996	-0.09912777	0.04668164	-0.2866209	-0.02196503	-0.005169861	-0.008998048	-0.001322625	0.001587228	0.003682893	0.0002764641	-0.2100814	-0.1359127	-0.152694	-0.0591438	-0.0008965754	-0.001757432	-0.009021349	0.00671952	0.0003150331	-0.08991502	-0.2697248	-0.07794929	-0.01850178	-0.01623441	0.01331335	0.001587228	0.003682893	0.0002764641	-0.07399294	-0.2739809	-0.05764866	-0.03309499	-0.02225844	0.004368937	-0.009021349	0.00671952	0.0003150331
755	0.1237197	-0.1182926	0.1034482	-0.09280838	-0.06124121	-0.1400201	0.02138297	-0.5339136	-0.09529161	0.04676964	-0.2866164	-0.02174997	-0.003855396	-0.006747433	-0.0009382053	0.001519037	0.003324823	0.000303453	-0.21128	-0.1356727	-0.1511927	-0.0446575	-0.0006124208	-0.0009427434	-0.003144437	0.005110679	0.0004399469	-0.1100574	-0.2649556	-0.06389475	-0.01891192	-0.0109835	0.01349865	0.001519037	0.003324823	0.000303453	-0.07903302	-0.2736212	-0.05051494	-0.02608126	-0.01660392	0.005060134	-0.003144437	0.005110679	0.0004399469
