471	0.2048022	0.05650911	0.04862261	-0.1611341	0.05157384	0.02438736	0.01507409	-0.4619929	-0.1625938	0.1706448	0.08205643	-0.09621596	0.0002873919	-0.0002738192	0.0003282412	4.548341E-05	-3.871681E-05	5.728636E-05	-0.2414902	0.01705801	-0.03996086	0.0001223909	-8.672447E-05	-0.0002772386	-0.0003294259	-1.321564E-05	0.0001006348	-0.1747104	0.09933671	-0.1145918	5.780061E-05	3.865332E-05	7.894864E-05	4.548341E-05	-3.871681E-05	5.728636E-05	0.2003034	0.04993743	-0.02916312	-4.484635E-06	3.623992E-05	4.84327E-06	-0.0003294259	-1.321564E-05	0.0001006348
474	0.2123669	0.05571172	0.04837155	-0.1534812	0.05077228	0.0242753	0.02260278	-0.4626848	-0.1626987	0.1711113	0.08153212	-0.09575176	0.0003321604	-0.0003364424	0.0003622312	4.530468E-05	-4.469343E-05	5.146226E-05	-0.2423868	0.01717025	-0.03972769	-0.0001323613	-3.698446E-05	-0.0001496356	-0.0003107575	2.523269E-06	0.0001073768	-0.1748446	0.09946358	-0.1146653	9.807947E-06	6.070711E-05	4.085325E-05	4.530468E-05	-4.469343E-05	5.146226E-05	0.2005163	0.04946023	-0.02806139	4.98821E-05	-9.211876E-05	0.0002790655	-0.0003107575	2.523269E-06	0.0001073768
477	0.2162629	0.05538192	0.04857945	-0.1502603	0.0504016	0.02415442	0.02581827	-0.4624721	-0.162291	0.1711322	0.08137301	-0.09586906	0.000254358	-0.0002921105	0.0002423479	1.452793E-05	-2.243709E-05	8.625873E-06	-0.2432168	0.01728547	-0.03955936	-0.0003067771	1.065597E-06	-7.014583E-05	-0.0002766721	1.140497E-05	0.0001004051	-0.1750594	0.09961089	-0.1147413	-4.634782E-05	8.235856E-05	1.162605E-05	1.452793E-05	-2.243709E-05	8.625873E-06	0.2006799	0.0491091	-0.0270977	7.828919E-05	-0.0001568718	0.0004502211	-0.0002766721	1.140497E-05	0.0001004051
481	0.2008659	0.0575076	0.04884601	-0.1655288	0.05245867	0.02447343	0.01058439	-0.4605817	-0.1617508	0.1712933	0.08125001	-0.09564424	0.0002310277	-0.0002498314	0.0002379681	5.06337E-06	-6.258044E-06	5.374457E-06	-0.2432331	0.01725024	-0.0397253	-0.0002341657	-8.007389E-06	-9.409421E-05	-0.0001893512	6.285479E-06	6.931671E-05	-0.1751548	0.1000991	-0.1147342	-5.861018E-05	0.0001838318	1.050768E-05	5.06337E-06	-6.258044E-06	5.374457E-06	0.2009197	0.04831642	-0.02661586	0.000118668	-0.0003158244	0.0004581268	-0.0001893512	6.285479E-06	6.931671E-05
484	0.2003896	0.05753934	0.04865217	-0.1659692	0.05247146	0.02430773	0.01052875	-0.460846	-0.1617298	0.1714113	0.08110902	-0.09553456	0.0002027714	-0.0002226223	0.0002058942	-3.266562E-06	2.108756E-06	-3.98763E-06	-0.2435154	0.01741052	-0.03948951	-0.0002461962	3.406368E-05	-1.162167E-05	-0.000145021	1.523188E-05	7.260567E-05	-0.1754204	0.100506	-0.1148248	-0.000110346	0.0002395966	-1.476901E-05	-3.266562E-06	2.108756E-06	-3.98763E-06	0.2009986	0.04798973	-0.02670884	0.0001087413	-0.0003185416	0.0003203493	-0.000145021	1.523188E-05	7.260567E-05
487	0.1943838	0.059374	0.04960585	-0.1718902	0.05420724	0.02521539	0.004572101	-0.4590116	-0.1608388	0.1714619	0.08102432	-0.09551477	0.0001647371	-0.0001881412	0.0001593678	-1.19585E-05	1.020182E-05	-1.462232E-05	-0.2436534	0.01716977	-0.03978014	-0.0002191471	-3.463803E-05	-8.137431E-05	-0.0001020035	-5.75152E-06	3.701609E-05	-0.1757565	0.101201	-0.1148896	-0.0001667872	0.000353445	-2.728922E-05	-1.19585E-05	1.020182E-05	-1.462232E-05	0.2012301	0.04706252	-0.02679014	0.0001394284	-0.0004707086	0.0002199368	-0.0001020035	-5.75152E-06	3.701609E-05
491	0.1871283	0.05927241	0.04964399	-0.1790099	0.05419746	0.02526379	-0.002543194	-0.4590694	-0.1608627	0.1716714	0.08086741	-0.0952158	0.0001759304	-0.0001803332	0.0001942701	-6.170549E-06	9.603366E-06	-2.241168E-06	-0.2212996	0.04515868	-0.04360557	0.005424093	0.006971249	-0.001017387	0.001334307	0.001747158	-0.0002062412	-0.1759286	0.1018055	-0.1150343	-0.0001681138	0.0004162113	-5.664693E-05	-6.170549E-06	9.603366E-06	-2.241168E-06	0.2014187	0.0462321	-0.02706838	0.0001517223	-0.0005606345	9.539397E-05	0.001334307	0.001747158	-0.0002062412
494	0.1856328	0.05919906	0.04966354	-0.1803722	0.05412397	0.02536845	-0.003925754	-0.4590998	-0.1608591	0.172034	0.08055526	-0.09473538	0.0002225953	-0.0002132873	0.0002658059	7.038312E-06	-1.035991E-06	1.620308E-05	-0.2381172	0.02576905	-0.03885794	-0.0001363377	0.0003810297	0.0004238668	-0.0003893771	-0.0003371863	0.0002056326	-0.1761861	0.1023485	-0.115176	-0.0001904658	0.0004479006	-7.789036E-05	7.038312E-06	-1.035991E-06	1.620308E-05	0.2014428	0.04601562	-0.02749038	0.0001198043	-0.0004745969	-3.395474E-05	-0.0003893771	-0.0003371863	0.0002056326
498	0.1860087	0.06100571	0.04730844	-0.1769008	0.05333254	0.02493858	-0.0004661418	-0.4598906	-0.1613073	0.17462	0.0772742	-0.09232903	0.0008134519	-0.0009802297	0.0008009441	0.0001529929	-0.0001925126	0.0001459369	-0.2387631	0.02419585	-0.03935218	-0.000263726	-0.000107529	0.0001943397	-0.0003238799	-0.0003750294	9.684269E-05	-0.1763793	0.1027901	-0.1154361	-0.0001911403	0.0004463356	-0.0001234464	0.0001529929	-0.0001925126	0.0001459369	0.2016446	0.04527962	-0.02719498	0.0001403011	-0.0005399472	4.83841E-05	-0.0003238799	-0.0003750294	9.684269E-05
501	0.184646	0.0610846	0.04788589	-0.1785451	0.05383462	0.02517533	-0.002095077	-0.4593428	-0.1610405	0.1742917	0.07767722	-0.09266973	0.0005280171	-0.0006344181	0.000515533	4.338595E-05	-5.793155E-05	3.809987E-05	-0.2396701	0.02327627	-0.03869653	-0.0004245417	-0.0003105419	0.0003096676	-0.0002831139	-0.0003320252	0.000101464	-0.1765672	0.1029924	-0.1154668	-0.0001903497	0.0003853188	-0.0001002738	4.338595E-05	-5.793155E-05	3.809987E-05	0.2016685	0.04509813	-0.0274868	0.0001112124	-0.0004503344	-3.666801E-05	-0.0002831139	-0.0003320252	0.000101464
504	0.1837994	0.06112313	0.04808402	-0.1797128	0.05408666	0.02527857	-0.003245063	-0.459153	-0.1609809	0.1741303	0.07800943	-0.09268165	0.0003556567	-0.000392762	0.0003836695	-1.055062E-05	1.696537E-05	-4.390971E-06	-0.2401009	0.0225175	-0.03845811	-0.000426097	-0.0004225982	0.0002918553	-0.0002127242	-0.000277033	7.164491E-05	-0.1767761	0.1033484	-0.1155596	-0.0001949872	0.0003779863	-9.839157E-05	-1.055062E-05	1.696537E-05	-4.390971E-06	0.2020513	0.04403228	-0.02558112	0.0001791157	-0.0006042134	0.0004489189	-0.0002127242	-0.000277033	7.164491E-05
507	0.1825477	0.06096572	0.04821563	-0.1809334	0.05402264	0.02530098	-0.004494345	-0.4591894	-0.1609387	0.1741723	0.07795992	-0.09263778	0.0002772404	-0.0003069469	0.0002987194	-2.751704E-05	3.41778E-05	-2.453076E-05	-0.240597	0.02251428	-0.03830123	-0.0004435951	-0.0003177533	0.0002581113	-0.0001639177	-0.0001815635	4.529769E-05	-0.1769036	0.1037776	-0.1155639	-0.0001781102	0.0003908004	-7.486656E-05	-2.751704E-05	3.41778E-05	-2.453076E-05	0.2020315	0.04383415	-0.02661061	0.0001293747	-0.0005026915	7.931635E-05	-0.0001639177	-0.0001815635	4.529769E-05
511	0.1822751	0.06091771	0.04835558	-0.1811924	0.05417505	0.02532816	-0.004829602	-0.4590508	-0.1609871	0.1741549	0.07800478	-0.0926311	0.0002035829	-0.000218997	0.0002257085	-3.905216E-05	4.762081E-05	-3.66508E-05	-0.2409274	0.02239281	-0.03797269	-0.0004153121	-0.0002686835	0.0002757187	-0.0001158675	-0.0001239052	3.837511E-05	-0.1769145	0.1040549	-0.1156456	-0.0001363133	0.0003624205	-7.659431E-05	-3.905216E-05	4.762081E-05	-3.66508E-05	0.202102	0.04350919	-0.02668786	0.0001146628	-0.0004582597	4.017536E-05	-0.0001158675	-0.0001239052	3.837511E-05
514	0.1821935	0.06090194	0.04854369	-0.1813291	0.05423552	0.02544212	-0.005378952	-0.4580471	-0.1604097	0.1740922	0.07800865	-0.09277606	0.0001370037	-0.0001632792	0.0001330418	-4.593392E-05	4.964506E-05	-5.065478E-05	-0.24242	0.02235746	-0.03631854	-0.0006846203	-0.000210349	0.000620326	-0.0001542277	-7.834529E-05	0.0001149332	-0.1770087	0.1043375	-0.1155646	-0.0001257825	0.0003424469	-3.718015E-05	-4.593392E-05	4.964506E-05	-5.065478E-05	0.2020017	0.04382575	-0.02706146	6.092219E-05	-0.0002645548	-6.326896E-05	-0.0001542277	-7.834529E-05	0.0001149332
518	0.1820893	0.06079271	0.04874778	-0.1814595	0.05432791	0.02557492	-0.005523019	-0.458051	-0.1603091	0.1740219	0.07813004	-0.09281039	8.51843E-05	-9.211319E-05	9.119825E-05	-4.740529E-05	5.50253E-05	-4.845197E-05	-0.2443136	0.02187723	-0.03443933	-0.0009868677	-0.0002778205	0.0009350483	-0.0001912326	-7.562682E-05	0.0001648804	-0.1767964	0.1045589	-0.1154349	-4.125897E-05	0.000312193	4.539812E-06	-4.740529E-05	5.50253E-05	-4.845197E-05	0.2038186	0.03646874	-0.02323437	0.00049992	-0.002037666	0.0009093221	-0.0001912326	-7.562682E-05	0.0001648804
521	0.1818933	0.06081435	0.04888892	-0.1816257	0.05453539	0.02565837	-0.005732477	-0.4578786	-0.1602488	0.1740949	0.07807568	-0.09269834	8.213097E-05	-8.267475E-05	9.641287E-05	-3.63173E-05	4.362858E-05	-3.503532E-05	-0.2443867	0.0220291	-0.03450036	-0.0007584196	-0.0001703972	0.0006860275	-8.631244E-05	-2.98643E-05	6.140512E-05	-0.1768764	0.1047813	-0.1156337	-5.092668E-05	0.000289741	-4.630542E-05	-3.63173E-05	4.362858E-05	-3.503532E-05	0.252587	0.02979553	0.001139402	0.01256703	-0.003196554	0.006775434	-8.631244E-05	-2.98643E-05	6.140512E-05
524	0.1808303	0.06099066	0.04911733	-0.1827085	0.05475917	0.02579021	-0.006843226	-0.4576991	-0.1601005	0.1741805	0.07793972	-0.09264493	8.301492E-05	-9.599561E-05	8.566109E-05	-2.701699E-05	2.939122E-05	-2.896443E-05	-0.2441867	0.02183515	-0.03510308	-0.0005188138	-0.0001762863	0.00036384	-4.832887E-06	-2.387049E-05	-3.449302E-05	-0.1768871	0.1049441	-0.1156688	-4.088095E-05	0.0002580232	-4.349095E-05	-2.701699E-05	2.939122E-05	-2.896443E-05	0.2525225	0.02960873	0.001045942	0.009409154	-0.002444115	0.00505821	-4.832887E-06	-2.387049E-05	-3.449302E-05
528	0.180392	0.06096137	0.04925513	-0.1831479	0.05484077	0.02589178	-0.007255157	-0.4576579	-0.1600828	0.1741674	0.07795244	-0.09266305	5.898294E-05	-6.881531E-05	5.971587E-05	-2.627074E-05	2.883849E-05	-2.820963E-05	-0.2438031	0.02122557	-0.0358963	-0.0002932251	-0.0002846089	7.457536E-05	5.277251E-05	-4.498352E-05	-9.818593E-05	-0.1768716	0.1050332	-0.1156895	-2.679758E-05	0.0002157797	-3.780381E-05	-2.627074E-05	2.883849E-05	-2.820963E-05	0.2526577	0.02960122	0.0007240772	0.007090676	-0.001834964	0.003713191	5.277251E-05	-4.498352E-05	-9.818593E-05
531	0.1796644	0.0608871	0.04923797	-0.1838811	0.05486572	0.02593589	-0.008023353	-0.457648	-0.1601119	0.17337	0.07898104	-0.0934124	-0.0001551217	0.0002055379	-0.0001425505	-7.322921E-05	9.021716E-05	-7.172381E-05	-0.2780291	0.01475221	-0.02724934	-0.008776426	-0.001831797	0.002217673	-0.002081221	-0.0004205348	0.0004621349	-0.1768044	0.1051927	-0.1159003	-3.289679E-06	0.0002017028	-8.104337E-05	-7.322921E-05	9.021716E-05	-7.172381E-05	0.2525032	0.02953011	0.0006015301	0.005279361	-0.001394	0.002754257	-0.002081221	-0.0004205348	0.0004621349
534	0.1986216	0.05936402	0.04918814	-0.1650589	0.05347401	0.02603745	0.0110672	-0.4595984	-0.1602352	0.1734824	0.07887593	-0.09326458	-8.824513E-05	0.0001278752	-6.9958E-05	-3.820276E-05	4.82472E-05	-3.564473E-05	-0.2506786	0.0182271	-0.03370953	0.0002553165	-0.0005051252	4.820712E-05	0.00069702	1.626697E-05	-0.0001957652	-0.1765885	0.105372	-0.1162403	5.150102E-05	0.0001961073	-0.0001457788	-3.820276E-05	4.82472E-05	-3.564473E-05	0.252331	0.02927715	0.0005383492	0.003916486	-0.001108741	0.002049897	0.00069702	1.626697E-05	-0.0001957652
538	0.1953525	0.05881765	0.04900002	-0.1683007	0.05321187	0.0258534	0.007851822	-0.4599876	-0.1604908	0.1730255	0.07941458	-0.09374261	-0.0001804013	0.0002305682	-0.0001719758	-5.16911E-05	6.185865E-05	-5.223801E-05	-0.2487968	0.01824665	-0.03359175	0.0006619394	-0.0003739563	6.560003E-05	0.0006244207	4.499245E-05	-0.0001424757	-0.1765961	0.1058336	-0.1166639	3.672587E-05	0.0002624974	-0.0002152515	-5.16911E-05	6.185865E-05	-5.223801E-05	0.2542614	0.03169864	-0.00324893	0.003419954	-0.0002261809	0.0005906032	0.0006244207	4.499245E-05	-0.0001424757
541	0.1954291	0.0585863	0.04886651	-0.168302	0.05311957	0.02587128	0.007929085	-0.4602549	-0.1606412	0.1733446	0.07894194	-0.09351969	-5.552385E-05	5.476738E-05	-7.325152E-05	-7.548973E-06	2.443787E-06	-1.449743E-05	-0.2482509	0.01906532	-0.03378677	0.0006329156	-7.579976E-05	4.43426E-07	0.0004610596	0.0001082835	-0.0001231459	-0.176612	0.1059461	-0.1167767	2.358442E-05	0.0002249841	-0.0001896316	-7.548973E-06	2.443787E-06	-1.449743E-05	0.2660757	0.0449602	-0.02405477	0.005518554	0.003145753	-0.004758507	0.0004610596	0.0001082835	-0.0001231459
544	0.1870839	0.05909947	0.04891348	-0.1766773	0.05369329	0.02583623	-0.0003583189	-0.4597183	-0.1606936	0.1738568	0.078477	-0.09282398	8.640279E-05	-7.516097E-05	0.0001189877	2.981993E-05	-3.064925E-05	3.718674E-05	-0.2420644	0.04466665	-0.02882862	0.002021323	0.006343482	0.001239871	0.0006928965	0.001686033	0.0002174974	-0.1761187	0.1062689	-0.1164985	0.0001410141	0.0002494353	-7.266511E-05	2.981993E-05	-3.064925E-05	3.718674E-05	0.2572667	0.03297621	-0.008843899	0.001936658	-0.0006366826	0.0002338369	0.0006928965	0.001686033	0.0002174974
547	0.1853367	0.05927157	0.04927135	-0.1784359	0.0538924	0.02620149	-0.002165308	-0.4596497	-0.1604841	0.1739378	0.07841155	-0.09270358	8.504532E-05	-7.27322E-05	0.0001193411	2.202558E-05	-2.237975E-05	2.797841E-05	-0.2426801	0.03269392	-0.03270984	0.001362071	0.00176443	-4.040089E-05	0.0003548593	0.0001197619	-0.0001569449	-0.1763411	0.1064682	-0.1166441	5.015313E-05	0.000236906	-9.091727E-05	2.202558E-05	-2.237975E-05	2.797841E-05	0.200442	0.04799104	-0.03320527	-0.01275368	0.003276195	-0.005914965	0.0003548593	0.0001197619	-0.0001569449
551	0.1825974	0.05930126	0.0494206	-0.1811866	0.05396879	0.02635932	-0.004914423	-0.4595578	-0.1604059	0.1740808	0.07809475	-0.0927155	9.95356E-05	-0.0001337488	8.652562E-05	2.014176E-05	-3.203896E-05	1.277992E-05	-0.2422222	0.02881682	-0.03442168	0.001136028	0.0003540468	-0.000458262	0.0002096337	-0.0002627744	-0.0002221739	-0.1763099	0.1065292	-0.1167231	4.541188E-05	0.0001929308	-8.791708E-05	2.014176E-05	-3.203896E-05	1.277992E-05	0.2007104	0.0472405	-0.03243804	-0.009498162	0.002269511	-0.004244416	0.0002096337	-0.0002627744	-0.0002221739
554	0.1810613	0.05927682	0.04928446	-0.182894	0.05405253	0.02623916	-0.006773174	-0.4590525	-0.160408	0.1740424	0.07811061	-0.09278774	6.505908E-05	-9.634791E-05	4.6834E-05	6.487186E-06	-1.467899E-05	-3.3796E-07	-0.2423163	0.0270915	-0.03472543	0.000828488	-0.0001657939	-0.0004196328	8.034041E-05	-0.000327041	-0.0001569731	-0.1763316	0.1065527	-0.1168149	2.863116E-05	0.0001505841	-8.88856E-05	6.487186E-06	-1.467899E-05	-3.3796E-07	0.2010849	0.04604805	-0.03165126	-0.007029986	0.00140402	-0.002986617	8.034041E-05	-0.000327041	-0.0001569731
558	0.1805897	0.05918166	0.0493176	-0.1834082	0.05396914	0.02624655	-0.00727671	-0.4583088	-0.1600192	0.1740394	0.07808381	-0.09282422	4.804553E-05	-7.8959E-05	2.600599E-05	6.120008E-07	-6.662019E-06	-5.460472E-06	-0.2427332	0.02659816	-0.03379178	0.0005171472	-0.0002476823	-8.131284E-05	-1.757987E-05	-0.0002657528	-3.314986E-05	-0.1760858	0.1067855	-0.1167753	8.292576E-05	0.0001711271	-5.676983E-05	6.120008E-07	-6.662019E-06	-5.460472E-06	0.2017902	0.04481685	-0.02658701	-0.005096187	0.0007452169	-0.0009739003	-1.757987E-05	-0.0002657528	-3.314986E-05
561	0.1999731	0.0575701	0.04842305	-0.1639928	0.0523738	0.02533317	0.01195064	-0.4602729	-0.1608391	0.1740689	0.07809901	-0.0927372	4.339532E-05	-5.541946E-05	4.126019E-05	-7.035519E-07	8.883735E-07	-2.818051E-07	-0.2422507	0.0246008	-0.03535366	0.0005084965	-0.0006850996	-0.0004514547	-1.534758E-05	-0.0003086689	-0.0001173979	-0.1756791	0.1070408	-0.1167314	0.0001638761	0.000192167	-3.161012E-05	-7.035519E-07	8.883735E-07	-2.818051E-07	0.2022402	0.04362643	-0.02374625	-0.003709618	0.0002613066	-2.023589E-05	-1.534758E-05	-0.0003086689	-0.0001173979
564	0.1995205	0.05801588	0.04889202	-0.1645731	0.05285916	0.02586198	0.01137384	-0.4598853	-0.1603911	0.1738609	0.07808292	-0.09324884	-1.943994E-05	-4.558791E-05	-9.696643E-05	-1.623648E-05	3.124168E-06	-3.4768E-05	-0.2422896	0.02445757	-0.03478289	0.0003716308	-0.0005496322	-0.0001958975	-4.572713E-05	-0.0001976349	-2.415909E-05	-0.1757162	0.1071137	-0.1170604	0.0001136237	0.0001623494	-0.000105962	-1.623648E-05	3.124168E-06	-3.4768E-05	0.2026148	0.04234922	-0.02211308	-0.002688563	-0.0001233221	0.0003931149	-4.572713E-05	-0.0001976349	-2.415909E-05
568	0.2105384	0.05722356	0.04851651	-0.1535797	0.05216753	0.0255444	0.02245185	-0.4608471	-0.1609433	0.1739702	0.07802927	-0.09304833	1.27376E-05	-4.760197E-05	-2.259731E-05	-4.132974E-06	1.839609E-06	-7.483724E-06	-0.2426447	0.02379471	-0.03512526	0.0001899531	-0.00057794	-0.0002325154	-7.971475E-05	-0.0001553031	-2.727379E-05	-0.1756732	0.1070369	-0.117094	9.598011E-05	0.0001025619	-8.787576E-05	-4.132974E-06	1.839609E-06	-7.483724E-06	0.2027006	0.04192263	-0.02235031	-0.001994987	-0.0001991392	0.0002355296	-7.971475E-05	-0.0001553031	-2.727379E-05
571	0.2138189	0.05587235	0.04814172	-0.1502599	0.05085784	0.02510262	0.0254748	-0.4609009	-0.1612129	0.1739239	0.07806656	-0.09311748	-2.017552E-06	-2.63808E-05	-3.423333E-05	-6.788518E-06	6.684999E-06	-8.521798E-06	-0.2429255	0.02348858	-0.03504062	7.226548E-05	-0.0005099874	-0.0001532269	-8.920798E-05	-9.948915E-05	-6.332193E-07	-0.1757775	0.1070502	-0.1171513	4.590805E-05	8.025926E-05	-8.021193E-05	-6.788518E-06	6.684999E-06	-8.521798E-06	0.2024767	0.0425607	-0.02395511	-0.00155222	1.016255E-05	-0.0002245517	-8.920798E-05	-9.948915E-05	-6.332193E-07
574	0.2310121	0.05007371	0.04286194	-0.1331043	0.04513884	0.0198338	0.04260232	-0.4664193	-0.1665359	0.1739476	0.07799676	-0.09313774	4.417498E-06	-3.723486E-05	-3.074139E-05	-3.482626E-06	2.300234E-06	-5.518365E-06	-0.2431994	0.02335805	-0.03495073	-1.427173E-05	-0.0004151241	-9.244921E-05	-8.854028E-05	-5.090104E-05	1.47195E-05	-0.1759778	0.1070217	-0.1177216	-1.564804E-05	5.305679E-05	-0.0002027333	-3.482626E-06	2.300234E-06	-5.518365E-06	0.2025562	0.04215723	-0.02421618	-0.001144283	-9.324405E-05	-0.0002336809	-8.854028E-05	-5.090104E-05	1.47195E-05
577	0.245337	0.04511511	0.03880763	-0.1188099	0.0401952	0.01575875	0.05668069	-0.4704206	-0.1701803	0.1739676	0.07796761	-0.09312153	8.305013E-06	-3.521282E-05	-1.900293E-05	-1.640091E-06	2.230688E-06	-1.204157E-06	-0.2435269	0.02311695	-0.03505969	-9.258567E-05	-0.0003716183	-9.657623E-05	-8.59837E-05	-2.729933E-05	1.000787E-05	-0.1761252	0.1069459	-0.1178558	-4.859778E-05	2.085322E-05	-0.0001856074	-1.640091E-06	2.230688E-06	-1.204157E-06	0.2025858	0.04184365	-0.0249567	-0.0008508028	-0.0001483281	-0.0003603927	-8.59837E-05	-2.729933E-05	1.000787E-05
581	0.2445662	0.04573354	0.03934312	-0.1195236	0.04080337	0.01626658	0.05607288	-0.4699554	-0.1695502	0.1733708	0.0785768	-0.09385777	-0.0001429728	0.0001258877	-0.0001983113	-3.904953E-05	4.194814E-05	-4.573022E-05	-0.243262	0.0222066	-0.03463936	-3.207315E-06	-0.0005062991	3.265082E-05	-4.214318E-05	-5.414472E-05	3.981266E-05	-0.1760467	0.1069084	-0.1178524	-1.681233E-05	6.244733E-06	-0.0001383711	-3.904953E-05	4.194814E-05	-4.573022E-05	0.2026264	0.04177463	-0.0245111	-0.0006279619	-0.0001285016	-0.0001588934	-4.214318E-05	-5.414472E-05	3.981266E-05
584	0.2440807	0.04642287	0.03991485	-0.120204	0.04123536	0.01676273	0.0554083	-0.4681286	-0.1685295	0.1734314	0.07836929	-0.09393787	-9.207515E-05	4.253739E-05	-0.0001687607	-1.656273E-05	1.062353E-05	-2.691E-05	-0.2440018	0.02095038	-0.0347414	-0.000187355	-0.0006937812	-1.022676E-06	-7.76443E-05	-8.747906E-05	2.144113E-05	-0.1763461	0.1069281	-0.1182899	-8.745033E-05	9.615834E-06	-0.0002131528	-1.656273E-05	1.062353E-05	-2.691E-05	0.2027018	0.04141903	-0.02462268	-0.0004521177	-0.0001852765	-0.000147065	-7.76443E-05	-8.747906E-05	2.144113E-05
587	0.2485316	0.04515675	0.03857589	-0.1158731	0.03988278	0.01542211	0.05952708	-0.4686631	-0.169595	0.1734369	0.07832047	-0.09397602	-6.768545E-05	1.969899E-05	-0.0001361073	-6.324621E-06	2.258049E-06	-1.201914E-05	-0.2445297	0.02038062	-0.03427935	-0.0002724921	-0.0006627761	0.0001147468	-7.951751E-05	-5.785801E-05	4.502321E-05	-0.1764568	0.1069489	-0.1183846	-9.327038E-05	1.240493E-05	-0.0001835276	-6.324621E-06	2.258049E-06	-1.201914E-05	0.2027062	0.0404973	-0.02770281	-0.000337993	-0.000369389	-0.0008803312	-7.951751E-05	-5.785801E-05	4.502321E-05
591	0.2479135	0.04664823	0.0398252	-0.1167887	0.0413506	0.01667619	0.05883796	-0.4670419	-0.1681101	0.1727559	0.07904977	-0.0947535	-0.0002209987	0.0001970974	-0.0002964512	-4.307177E-05	4.604314E-05	-4.910034E-05	-0.2445649	0.01804644	-0.03331685	-0.0002131719	-0.001080626	0.000326684	-4.480809E-05	-0.0001478561	8.675172E-05	-0.1768333	0.1070203	-0.1191146	-0.0001640909	2.716274E-05	-0.0003201552	-4.307177E-05	4.604314E-05	-4.910034E-05	0.207611	0.008156121	-0.01047444	0.0009727032	-0.008362337	0.003646843	-4.480809E-05	-0.0001478561	8.675172E-05
594	0.2474097	0.04699337	0.04054189	-0.1174158	0.04170784	0.01737785	0.05792329	-0.4663101	-0.1673396	0.1727261	0.07909191	-0.09477401	-0.000173222	0.0001583582	-0.0002274644	-2.035965E-05	2.484755E-05	-1.957856E-05	-0.2442206	0.01636702	-0.03428483	-7.380985E-05	-0.001230325	3.018184E-06	1.234454E-06	-0.0001483167	-1.585267E-05	-0.1773555	0.1069141	-0.1194332	-0.0002535986	-6.181814E-06	-0.0003197482	-2.035965E-05	2.484755E-05	-1.957856E-05	0.2054321	0.0272997	-0.02288747	0.0001847968	-0.001485857	-0.0003681241	1.234454E-06	-0.0001483167	-1.585267E-05
597	0.246732	0.04881045	0.04217887	-0.1181491	0.04328924	0.01892829	0.05709436	-0.4642061	-0.165499	0.1727582	0.07900715	-0.09478593	-0.0001218847	9.757917E-05	-0.0001735785	-2.435434E-06	3.440913E-06	-1.212454E-06	-0.2440823	0.01537067	-0.03481936	-2.079042E-05	-0.001171832	-0.00013137	1.41807E-05	-9.661417E-05	-4.548654E-05	-0.1780016	0.1069735	-0.1199298	-0.0003517275	1.02201E-05	-0.0003639676	-2.435434E-06	3.440913E-06	-1.212454E-06	0.2056895	0.02598947	-0.02151513	0.0002029632	-0.00144195	6.699126E-05	1.41807E-05	-9.661417E-05	-4.548654E-05
601	0.2462029	0.05016172	0.04295206	-0.1186394	0.04447225	0.01969433	0.05675784	-0.4625928	-0.1641145	0.1729158	0.07870749	-0.09474349	-5.199999E-05	-1.731212E-06	-0.0001195743	1.564461E-05	-2.224691E-05	1.259172E-05	-0.2446989	0.01388896	-0.03425145	-0.000169723	-0.001249302	4.345078E-05	-2.659762E-05	-9.182814E-05	9.590283E-06	-0.1784927	0.1066592	-0.1204951	-0.0003865775	-7.09013E-05	-0.0004142983	1.564461E-05	-2.224691E-05	1.259172E-05	0.2056798	0.0260309	-0.02168059	0.0001497823	-0.001071106	8.877818E-06	-2.659762E-05	-9.182814E-05	9.590283E-06
604	0.2476588	0.05085847	0.04381776	-0.1188303	0.04461107	0.01988721	0.05620015	-0.4611812	-0.1637714	0.1711155	0.0801107	-0.09725952	-0.0004890747	0.0003495047	-0.0007186885	-9.753521E-05	7.11238E-05	-0.0001403348	-0.2436959	0.01004577	-0.03358722	0.0001234496	-0.001897773	0.0001986466	5.334493E-05	-0.000230989	4.599167E-05	-0.1787396	0.1066763	-0.1206555	-0.0003516575	-4.890679E-05	-0.0003508377	-9.753521E-05	7.11238E-05	-0.0001403348	0.2056277	0.0262568	-0.02216411	9.932802E-05	-0.0007468544	-0.0001142199	5.334493E-05	-0.000230989	4.599167E-05
607	0.2391079	0.05516383	0.04845572	-0.1268907	0.04980117	0.02439904	0.04788058	-0.4562844	-0.1587951	0.1703448	0.08117148	-0.0978148	-0.0005594817	0.0005273245	-0.0006778356	-9.075317E-05	9.77978E-05	-9.503785E-05	-0.2426465	0.008651495	-0.03254938	0.0003549408	-0.001771898	0.000408444	9.788149E-05	-0.0001417729	8.69431E-05	-0.1793392	0.105791	-0.1209075	-0.0004136488	-0.0002580145	-0.0003261304	-9.075317E-05	9.77978E-05	-9.503785E-05	0.2056657	0.02605319	-0.02202845	8.39955E-05	-0.0006110432	-5.174986E-05	9.788149E-05	-0.0001417729	8.69431E-05
611	0.2386365	0.05592769	0.04978156	-0.1272336	0.05075479	0.02537727	0.0476184	-0.4550705	-0.1573482	0.1699458	0.08165693	-0.09816003	-0.0005193671	0.0005168559	-0.0005946842	-5.803622E-05	7.073118E-05	-5.049053E-05	-0.2419793	0.007843614	-0.03228283	0.0004330092	-0.001530894	0.000372971	9.292823E-05	-4.607865E-05	5.633907E-05	-0.1795228	0.105566	-0.120944	-0.0003561359	-0.0002497478	-0.0002537173	-5.803622E-05	7.073118E-05	-5.049053E-05	0.2056789	0.02597857	-0.02199483	6.628605E-05	-0.0004769386	-3.040814E-05	9.292823E-05	-4.607865E-05	5.633907E-05
614	0.2293489	0.06233993	0.05648661	-0.1366149	0.05718237	0.03185511	0.03819866	-0.4486702	-0.1507316	0.1688321	0.08269793	-0.09941983	-0.0006679535	0.0006478907	-0.0007609641	-8.067377E-05	8.580709E-05	-7.943787E-05	-0.2415635	0.005144596	-0.03138947	0.0004286999	-0.001822925	0.0005030668	6.861886E-05	-0.0001075667	7.477826E-05	-0.1802782	0.1053329	-0.1214263	-0.0004559555	-0.0002455818	-0.0003108682	-8.067377E-05	8.580709E-05	-7.943787E-05	0.2057348	0.02566004	-0.02184677	6.368438E-05	-0.0004373358	1.420838E-05	6.861886E-05	-0.0001075667	7.477826E-05
617	0.2324299	0.06050935	0.05544543	-0.133602	0.05511811	0.03079557	0.04114512	-0.4505274	-0.1518199	0.1688574	0.08272034	-0.09933901	-0.0004946433	0.0004915209	-0.0005505171	-1.717778E-05	2.526287E-05	-6.966653E-06	-0.2421151	0.004828036	-0.03196073	0.0001836147	-0.001446334	0.0002344874	-9.807161E-06	1.347272E-05	-1.106116E-05	-0.1803785	0.1053431	-0.1214535	-0.0003670378	-0.0001816457	-0.0002399461	-1.717778E-05	2.526287E-05	-6.966653E-06	0.2054151	0.0269683	-0.02447915	-3.215165E-05	-9.362411E-07	-0.0006474386	-9.807161E-06	1.347272E-05	-1.106116E-05
621	0.241026	0.05539063	0.05160642	-0.1251569	0.04987454	0.02701783	0.04978039	-0.4562182	-0.1560991	0.168033	0.08416122	-0.09951591	-0.0005770656	0.0007288613	-0.0004571145	-3.348889E-05	7.828226E-05	1.812567E-05	-0.2411565	0.004872561	-0.03400159	0.0003773776	-0.001073619	-0.0003343502	4.108535E-05	0.0001032832	-0.0001505053	-0.1801691	0.1055942	-0.1217239	-0.0002229157	-7.346316E-05	-0.0002475512	-3.348889E-05	7.828226E-05	1.812567E-05	0.2043512	0.03239566	-0.02733922	-0.0002900957	0.001356138	-0.001200596	4.108535E-05	0.0001032832	-0.0001505053
624	0.2330876	0.05104354	0.04850578	-0.1312645	0.04683375	0.02551389	0.04243978	-0.4643144	-0.1618168	0.1669551	0.08774373	-0.09860516	-0.0007022755	0.001442273	-0.0001151461	-5.641915E-05	0.0002370646	9.908635E-05	-0.1940933	0.05210394	-0.06301785	0.01204882	0.01100263	-0.007504827	0.002948674	0.003096525	-0.001905498	-0.1791072	0.1057665	-0.1212263	9.829231E-05	-1.201066E-05	-6.126851E-05	-5.641915E-05	0.0002370646	9.908635E-05	0.2144167	0.02959812	-0.01271725	0.002298813	0.0003177174	0.002755046	0.002948674	0.003096525	-0.001905498
627	0.2134856	0.03974828	0.04020834	-0.1486955	0.03622726	0.01808381	0.02436734	-0.4783393	-0.1710467	0.1699778	0.09094501	-0.09723902	0.0002289648	0.001882024	0.0002551751	0.0001904957	0.0002877361	0.000166895	-0.1794867	0.08153772	-0.07444191	0.01268827	0.01561042	-0.008484636	0.00237137	0.003474341	-0.001674076	-0.1719654	0.1097047	-0.119307	0.001859169	0.0009755415	0.000433866	0.0001904957	0.0002877361	0.000166895	0.201579	0.04712576	-0.02411437	-0.001485321	0.004620198	-0.0007829962	0.00237137	0.003474341	-0.001674076
631	0.2072086	0.03014424	0.03351641	-0.1538996	0.02756983	0.01202869	0.01967608	-0.4896499	-0.1779723	0.1720524	0.09785628	-0.095474	0.0006903622	0.003139337	0.0006326345	0.0002582211	0.0005301305	0.0002195361	-0.1726213	0.09320295	-0.07661939	0.01123255	0.01462412	-0.006907847	0.001414597	0.002359181	-0.0008613595	-0.1732516	0.1141436	-0.1179097	0.001072817	0.001841368	0.0006747423	0.0002582211	0.0005301305	0.0002195361	0.1697122	0.1114116	-0.04647326	-0.009080699	0.01953662	-0.006176971	0.001414597	0.002359181	-0.0008613595
634	0.1899159	-0.004030108	0.01217246	-0.1701922	-0.006964922	-0.009231329	0.003211986	-0.5248399	-0.1993427	0.1740793	0.1095012	-0.0963974	0.001024501	0.005265728	0.0002436271	0.0002772004	0.0009291955	6.740026E-05	-0.1404995	0.1325527	-0.0824914	0.01645486	0.02080552	-0.006648888	0.002366524	0.003314737	-0.0005812799	-0.1697727	0.1231169	-0.1127915	0.001674341	0.003624358	0.00178559	0.0002772004	0.0009291955	6.740026E-05	0.1401363	0.1367167	-0.07387924	-0.01420448	0.02097874	-0.01148422	0.002366524	0.003314737	-0.0005812799
637	0.1846795	-0.024849	-8.821487E-06	-0.1754477	-0.02915192	-0.02216792	-0.002767939	-0.5423905	-0.2107275	0.1685437	0.1387943	-0.1025178	-0.0006155177	0.01127258	-0.00134739	-0.0002021043	0.002198609	-0.0003472042	-0.1281903	0.1425395	-0.08495235	0.01541844	0.01810085	-0.005601905	0.001515789	0.001809883	-0.0001742143	-0.1654967	0.1401159	-0.1105731	0.002324743	0.006968006	0.001893813	-0.0002021043	0.002198609	-0.0003472042	0.1125724	0.1553875	-0.08311725	-0.01754435	0.02040175	-0.01092267	0.001515789	0.001809883	-0.0001742143
641	0.1809541	-0.02557963	-0.004066467	-0.1746652	-0.02826279	-0.02636433	-0.00402838	-0.5406109	-0.2131393	0.1472436	0.1705524	-0.1065662	-0.005786662	0.01639395	-0.00202263	-0.001444364	0.0029293	-0.0004292129	-0.1045493	0.1578645	-0.108005	0.01747408	0.01740689	-0.009964602	0.001650751	0.001183923	-0.001221335	-0.1552535	0.1638053	-0.1132946	0.004304374	0.01114837	0.000739973	-0.001444364	0.0029293	-0.0004292129	0.08188918	0.1681915	-0.09357238	-0.02082906	0.01850231	-0.01080578	0.001650751	0.001183923	-0.001221335
644	0.1721395	-0.02301359	-0.01897883	-0.1739965	-0.02256417	-0.03954911	-0.007477688	-0.5455304	-0.2248054	0.1211236	0.2102068	-0.1239028	-0.01087	0.02220907	-0.005851124	-0.002354108	0.003650755	-0.001279033	-0.0954183	0.2094557	-0.1332884	0.01538832	0.02595296	-0.01379429	0.0007166227	0.003024459	-0.001873422	-0.1271465	0.1959956	-0.1247118	0.01025503	0.01640886	-0.002299308	-0.002354108	0.003650755	-0.001279033	0.06134614	0.170189	-0.1054599	-0.02075755	0.0143761	-0.01107622	0.0007166227	0.003024459	-0.001873422
647	0.1618793	-0.01935679	-0.02584887	-0.164052	-0.01954901	-0.04273391	-0.004784433	-0.5428975	-0.2274945	0.07337709	0.2172286	-0.1205132	-0.02008913	0.01841225	-0.003540944	-0.004070364	0.001788861	-0.0003817299	-0.03787595	0.2010824	-0.1372619	0.02592683	0.0173714	-0.01133909	0.003172094	0.0001229555	-0.0007912663	-0.1013789	0.2034764	-0.1237652	0.01413316	0.01417683	-0.00148785	-0.004070364	0.001788861	-0.0003817299	0.05938339	0.236645	-0.1414998	-0.01605885	0.02739608	-0.01731713	0.003172094	0.0001229555	-0.0007912663
651	0.1166156	0.06353828	-0.009058952	-0.1776339	0.04520723	-0.005652666	-0.03065884	-0.4821115	-0.1901317	0.04538313	0.2481455	-0.1324236	-0.02206534	0.0215384	-0.005633317	-0.003546825	0.002123185	-0.0008093908	-0.01233107	0.2366685	-0.1418052	0.02583134	0.02192507	-0.00964014	0.002355199	0.001230633	-0.0001687136	-0.06128785	0.212939	-0.1223061	0.02062264	0.01299828	-0.0007511075	-0.003546825	0.002123185	-0.0008093908	0.01223364	0.2422676	-0.1432877	-0.02383158	0.02195271	-0.01343482	0.002355199	0.001230633	-0.0001687136
654	0.1087959	0.06301862	-0.07244134	-0.1927587	-0.03227383	-0.0448277	-0.04712486	-0.5572082	-0.2229831	-0.010077	0.2138438	-0.1287637	-0.03041404	0.007578393	-0.003309997	-0.004747292	-0.001897614	-2.621306E-05	-0.00609532	0.2135185	-0.1135767	0.02093244	0.01065631	-0.000172975	0.0005416749	-0.001894215	0.002240256	-0.04341024	0.2447093	-0.130218	0.01993638	0.01769128	-0.002541311	-0.004747292	-0.001897614	-2.621306E-05	-0.002860442	0.2396367	-0.1480746	-0.0216472	0.01580681	-0.01127286	0.0005416749	-0.001894215	0.002240256
657	0.1102991	0.06709945	-0.0727973	-0.1904576	-0.02452952	-0.04515171	-0.04622042	-0.5494694	-0.2179115	9.49204E-05	0.2446828	-0.1319547	-0.02026755	0.01339355	-0.003280247	-0.001023847	3.057881E-05	-1.222214E-05	-0.02196808	0.2343022	-0.1300836	0.01173114	0.01318815	-0.004256459	-0.001894069	-0.0007877015	0.0006593213	-0.03586949	0.252494	-0.1261024	0.01683747	0.01521463	-0.0008770876	-0.001023847	3.057881E-05	-1.222214E-05	-0.007327095	0.2428288	-0.1417685	-0.01735207	0.01265314	-0.0068781	-0.001894069	-0.0007877015	0.0006593213
661	0.1112468	0.06461978	-0.07231641	-0.1870101	-0.008108437	-0.0454278	-0.04607679	-0.5501363	-0.2163315	-0.000231728	0.2443565	-0.1312456	-0.01528232	0.009963565	-0.002282921	0.0004784208	-0.0008345625	0.0002401649	-0.030858	0.1958867	-0.09820795	0.006575879	0.0002872525	0.004776558	-0.002709368	-0.003816	0.002752745	-0.03973959	0.2499379	-0.1303551	0.01166058	0.01077195	-0.001720984	0.0004784208	-0.0008345625	0.0002401649	-0.001499474	0.2482024	-0.1309106	-0.01155715	0.01083326	-0.00244412	-0.002709368	-0.003816	0.002752745
664	0.1121623	0.06045401	-0.07150578	-0.1867512	0.01336098	-0.04826808	-0.04636702	-0.5479043	-0.2135475	-0.002787888	0.2471102	-0.1297028	-0.01210078	0.008161122	-0.001326489	0.001154201	-0.001076533	0.0004192316	-0.03811139	0.2430455	-0.1115348	0.003118561	0.01200513	0.0002506981	-0.002896355	6.747036E-05	0.0009330936	-0.03840721	0.2495	-0.1313195	0.009078531	0.007969484	-0.001531839	0.001154201	-0.001076533	0.0004192316	-0.001113743	0.2497259	-0.1272266	-0.008571425	0.008505815	-0.0009120791	-0.002896355	6.747036E-05	0.0009330936
667	0.1121295	0.05829316	-0.0708611	-0.1861514	0.01453018	-0.0482378	-0.04577552	-0.5398488	-0.2092733	-0.006079927	0.2518616	-0.1272349	-0.009898596	0.007308688	-0.000377899	0.001416197	-0.001020508	0.0005515711	-0.03465888	0.2389641	-0.1131341	0.003202048	0.007983508	-0.0002118044	-0.002151394	-0.0009548037	0.0005841946	-0.03484495	0.2524681	-0.1255114	0.007699462	0.006719146	0.0003031497	0.001416197	-0.001020508	0.0005515711	-0.003617749	0.2501312	-0.1261683	-0.007054571	0.006480674	-0.0004194743	-0.002151394	-0.0009548037	0.0005841946
671	0.1127634	0.04978704	-0.06778812	-0.1861611	0.02585185	-0.04852772	-0.04703208	-0.5382564	-0.207006	-0.006894529	0.2541276	-0.1265306	-0.007627597	0.006048013	-0.0001073522	0.001629897	-0.00108055	0.0004813151	-0.03396755	0.2433355	-0.1154239	0.002574367	0.007080482	-0.0007312963	-0.001770466	-0.0009418592	0.000308273	-0.03143995	0.2545413	-0.1211495	0.006625848	0.005557667	0.001317829	0.001629897	-0.00108055	0.0004813151	-0.003109321	0.2519972	-0.1216412	-0.005163821	0.005327016	0.0008171672	-0.001770466	-0.0009418592	0.000308273
674	0.1134681	0.04618269	-0.06666732	-0.1858838	0.02626568	-0.04812503	-0.04808869	-0.5335991	-0.2045193	-0.008107573	0.254707	-0.1250808	-0.006023959	0.004680864	0.0002819417	0.001623333	-0.001152199	0.0004583098	-0.03357275	0.2454066	-0.1168358	0.002029477	0.005828117	-0.0009014509	-0.001464072	-0.001019486	0.0001886661	-0.03161862	0.255933	-0.1173944	0.004924718	0.004516177	0.001927145	0.001623333	-0.001152199	0.0004583098	-0.003130674	0.2518079	-0.1220412	-0.003878204	0.003947936	0.0005128589	-0.001464072	-0.001019486	0.0001886661
677	0.1129644	0.04993498	-0.06731129	-0.1860021	0.02738935	-0.04765558	-0.04789102	-0.5338798	-0.2047193	-0.008303538	0.2549188	-0.1244583	-0.004566961	0.003563577	0.000367084	0.001581749	-0.001143471	0.0003650179	-0.03247297	0.2420784	-0.1156549	0.001797053	0.003539052	-0.0003808664	-0.00115616	-0.00133688	0.0002716457	-0.03174535	0.256784	-0.1150079	0.003661855	0.003599862	0.002042001	0.001581749	-0.001143471	0.0003650179	-0.00364615	0.2530564	-0.1189945	-0.003037522	0.003273072	0.001146332	-0.00115616	-0.00133688	0.0002716457
681	0.1130352	0.05101204	-0.06705594	-0.1858993	0.02818906	-0.04714918	-0.04987891	-0.5343361	-0.2057202	-0.008364007	0.2548819	-0.1245193	-0.003440338	0.002663474	0.0002600542	0.001467967	-0.001082629	0.000247006	-0.03159547	0.2412163	-0.1151445	0.001567164	0.002438758	-0.0001580362	-0.0009245921	-0.001277734	0.0002594418	-0.03269271	0.2570591	-0.1138887	0.002509552	0.00276868	0.001811285	0.001467967	-0.001082629	0.000247006	-0.003839865	0.2538876	-0.116914	-0.00232657	0.0026626	0.001379859	-0.0009245921	-0.001277734	0.0002594418
684	0.1130226	0.05312932	-0.06720662	-0.186276	0.02873242	-0.04640603	-0.04938257	-0.5383867	-0.2090099	-0.008685231	0.2548286	-0.1245894	-0.002660559	0.001984284	0.0001775169	0.00129592	-0.0009817695	0.0001646202	-0.02937813	0.2396344	-0.1134593	0.001729708	0.001433592	0.0003027584	-0.0006528083	-0.001209592	0.00030978	-0.03453032	0.2572881	-0.1125543	0.001422761	0.00213376	0.001692071	0.00129592	-0.0009817695	0.0001646202	-0.003268003	0.2542501	-0.1160219	-0.001601962	0.002087579	0.001257935	-0.0006528083	-0.001209592	0.00030978
688	0.1127844	0.05393153	-0.06700587	-0.1865965	0.02914447	-0.04590392	-0.04981442	-0.5394258	-0.2103868	-0.008233532	0.254828	-0.1246052	-0.001882495	0.001488049	0.0001292038	0.001166456	-0.0008603858	0.0001113868	-0.02688885	0.2385346	-0.1139205	0.001919602	0.0008002527	0.0001117935	-0.0004421327	-0.001065529	0.0001845938	-0.03542491	0.257486	-0.1116309	0.0008434232	0.001649792	0.001499902	0.001166456	-0.0008603858	0.0001113868	-0.004348218	0.2547119	-0.1147907	-0.001471526	0.001681139	0.00125125	-0.0004421327	-0.001065529	0.0001845938
691	0.1125062	0.0542835	-0.06698108	-0.186974	0.02909636	-0.04522133	-0.04987802	-0.5405466	-0.2120557	-0.007140517	0.254925	-0.1243627	-0.001138617	0.001140296	0.0001575207	0.001060812	-0.0007322276	9.061938E-05	-0.0234549	0.2378168	-0.1149166	0.002298187	0.0004207348	-0.0001651831	-0.0002369532	-0.0008940261	6.920118E-05	-0.03577291	0.2574637	-0.1115522	0.000545567	0.001231771	0.001144596	0.001060812	-0.0007322276	9.061938E-05	-0.004842579	0.2547308	-0.1147146	-0.001227234	0.001265578	0.0009574511	-0.0002369532	-0.0008940261	6.920118E-05
694	0.1111851	0.05517024	-0.0669229	-0.1871665	0.02895373	-0.04451108	-0.05132138	-0.5399485	-0.2122056	-0.004830047	0.2538156	-0.1244555	-0.0002763456	0.0005778665	9.495435E-05	0.001011177	-0.000689778	5.232294E-05	-0.02000995	0.2374268	-0.1148226	0.002584879	0.0002180379	-0.0001004031	-0.0001060419	-0.0007211937	6.809589E-05	-0.03651749	0.2573937	-0.1114545	0.0002230318	0.0009063343	0.000882885	0.001011177	-0.000689778	5.232294E-05	-0.00542362	0.2546702	-0.11484	-0.001065686	0.0009340286	0.0006867363	-0.0001060419	-0.0007211937	6.809589E-05
698	0.1106075	0.05611247	-0.06685042	-0.1869597	0.02494842	-0.04365897	-0.05300652	-0.5410122	-0.2132757	-0.002558112	0.2531866	-0.1245933	0.0003607246	0.0002761479	3.676428E-05	0.0009176501	-0.0005927632	2.469469E-05	-0.01740484	0.2372466	-0.1164773	0.002589937	0.0001184971	-0.0004889586	-7.826695E-05	-0.0005657804	-4.606695E-05	-0.03695678	0.2576947	-0.1105108	5.745042E-05	0.0007549867	0.000898079	0.0009176501	-0.0005927632	2.469469E-05	-0.006290957	0.254925	-0.1141934	-0.001016099	0.0007642091	0.0006767	-7.826695E-05	-0.0005657804	-4.606695E-05
701	0.1103309	0.05759263	-0.0671351	-0.187141	0.02569157	-0.04296517	-0.0540981	-0.5406838	-0.2132614	-0.0006718934	0.2519681	-0.1243031	0.0007420981	-9.74986E-05	0.0001001121	0.0007835809	-0.000537984	3.435796E-05	-0.01503298	0.2385811	-0.1167827	0.002535418	0.0004224801	-0.0004430725	-7.232989E-05	-0.0003483396	-2.307869E-05	-0.03791425	0.2575563	-0.1104991	-0.0001962807	0.0005316544	0.0006764798	0.0007835809	-0.000537984	3.435796E-05	-0.005953208	0.2549481	-0.1141562	-0.0006776366	0.0005789385	0.0005168233	-7.232989E-05	-0.0003483396	-2.307869E-05
704	0.109778	0.05813265	-0.06704473	-0.1873639	0.02604479	-0.04249382	-0.05427678	-0.5376928	-0.2122416	0.001458809	0.2515657	-0.1243386	0.001089249	-0.0001737366	6.620296E-05	0.0006744735	-0.0004225475	1.729119E-05	-0.01416762	0.2388879	-0.1170468	0.002117903	0.0003935712	-0.0003983463	-0.0001586263	-0.0002684819	-6.127471E-06	-0.03820876	0.2574589	-0.1106486	-0.0002208372	0.0003743923	0.0004699877	0.0006744735	-0.0004225475	1.729119E-05	-0.005875334	0.2549601	-0.1141281	-0.0004887591	0.0004372139	0.0003946509	-0.0001586263	-0.0002684819	-6.127471E-06
708	0.1095465	0.05901378	-0.06722498	-0.1875529	0.02665156	-0.04212832	-0.05315428	-0.538878	-0.2132676	0.004283577	0.2478737	-0.1222963	0.001523129	-0.001053295	0.0005602256	0.0006143251	-0.0005368003	0.0001364741	-0.01529752	0.2423572	-0.1189091	0.001305953	0.0011625	-0.0007643316	-0.0003219571	-9.129144E-06	-9.609194E-05	-0.03882936	0.2573471	-0.1106951	-0.0003207769	0.0002528396	0.0003408679	0.0006143251	-0.0005368003	0.0001364741	-0.005363941	0.2550148	-0.114018	-0.0002387211	0.0003415748	0.0003235255	-0.0003219571	-9.129144E-06	-9.609194E-05
711	0.1089113	0.05898076	-0.06694603	-0.1880223	0.02697182	-0.04183602	-0.05305716	-0.537558	-0.2124164	0.005681783	0.248322	-0.1226408	0.001491898	-0.0006779148	0.0003340405	0.0004529361	-0.0003087551	4.580926E-05	-0.01500919	0.2417626	-0.1183758	0.001051545	0.0007232213	-0.0004399131	-0.0003050697	-0.0001166666	9.03567E-06	-0.03896565	0.2572544	-0.1108913	-0.000274656	0.0001664435	0.0002065963	0.0004529361	-0.0003087551	4.580926E-05	-0.005244389	0.2552456	-0.1134193	-0.0001491528	0.0003138933	0.0003923114	-0.0003050697	-0.0001166666	9.03567E-06
714	0.1082954	0.05915374	-0.06707144	-0.1886166	0.02692926	-0.04147458	-0.05380389	-0.5376573	-0.2121046	0.006334066	0.2487294	-0.122272	0.001281995	-0.0004065717	0.0003427388	0.0002872261	-0.0001637306	3.653151E-05	-0.0146751	0.2412249	-0.1184323	0.0008721838	0.0004080075	-0.0003440611	-0.0002736427	-0.0001663034	3.073975E-05	-0.03904328	0.257226	-0.1109347	-0.0002254008	0.0001177397	0.0001440992	0.0002872261	-0.0001637306	3.653151E-05	-0.004834637	0.2553853	-0.113076	-9.426585E-06	0.0002703483	0.0003800642	-0.0002736427	-0.0001663034	3.073975E-05
718	0.108232	0.05971867	-0.0670867	-0.1886297	0.02741092	-0.04122567	-0.05303173	-0.5391549	-0.2128918	0.006888792	0.2490541	-0.1218276	0.001100177	-0.0002237473	0.0003681571	0.0001699653	-7.70918E-05	3.375323E-05	-0.01400413	0.241412	-0.1176813	0.0008218802	0.0003527804	-7.029122E-05	-0.0002178079	-0.0001385344	9.149729E-05	-0.03890669	0.2572387	-0.1109483	-0.0001349009	9.149362E-05	0.0001046769	0.0001699653	-7.70918E-05	3.375323E-05	-0.004443467	0.2556002	-0.1125281	9.072266E-05	0.000256465	0.0004220196	-0.0002178079	-0.0001385344	9.149729E-05
721	0.1081375	0.06010914	-0.06725216	-0.1887635	0.02762854	-0.04109025	-0.05344194	-0.5389717	-0.2129369	0.006996542	0.2489905	-0.1214411	0.0008520705	-0.0001837249	0.0003727369	6.544727E-05	-4.781325E-05	2.645988E-05	-0.01329553	0.2413567	-0.117094	0.0007935589	0.0002507421	9.408782E-05	-0.0001704363	-0.0001294103	0.0001097177	-0.0385977	0.2572552	-0.1110282	-2.392803E-05	7.273293E-05	5.854013E-05	6.544727E-05	-4.781325E-05	2.645988E-05	-0.004257217	0.2556641	-0.1123641	0.0001146044	0.0002083377	0.0003575227	-0.0001704363	-0.0001294103	0.0001097177
724	0.1080178	0.06022668	-0.06713367	-0.1888115	0.02787834	-0.04098535	-0.05306797	-0.539726	-0.2133086	0.007227227	0.2491167	-0.121295	0.0006967241	-0.000106233	0.0003160904	1.024885E-05	-1.648697E-05	5.683261E-06	-0.01204944	0.2416586	-0.1156688	0.0009066928	0.0002635459	0.0004268824	-9.954371E-05	-9.385681E-05	0.000165487	-0.03814522	0.2573835	-0.1108456	9.517241E-05	8.6617E-05	8.956225E-05	1.024885E-05	-1.648697E-05	5.683261E-06	-0.004141986	0.2556891	-0.1122983	0.000114761	0.0001624969	0.0002845929	-9.954371E-05	-9.385681E-05	0.000165487
728	0.1133644	0.1092611	-0.09088492	-0.1888402	0.02842039	-0.04082155	-0.05265079	-0.5395084	-0.2133949	0.001527622	0.2565262	-0.1191719	-0.0009023581	0.001772689	0.0007678471	-0.0003920839	0.0004573652	0.0001172016	-0.01116773	0.1854774	-0.09325433	0.000900445	-0.01384764	0.005923773	-7.621973E-05	-0.003598189	0.001498338	-0.03729136	0.2574831	-0.1109064	0.0002848459	8.987749E-05	5.19725E-05	-0.0003920839	0.0004573652	0.0001172016	-0.003807098	0.2558252	-0.1119432	0.0001697929	0.000155892	0.000302196	-7.621973E-05	-0.003598189	0.001498338
731	0.1162965	0.1587409	-0.1097176	-0.1887731	0.02861875	-0.04070783	-0.0500162	-0.527634	-0.2106442	-0.001385897	0.227673	-0.1081376	-0.001405149	-0.005883778	0.003334448	-0.0004197606	-0.001571093	0.0007295514	-0.01149897	0.1845394	-0.09208035	0.0005925243	-0.01062023	0.004736323	-0.000134145	-0.001891789	0.0008268909	-0.03335266	0.2580009	-0.11097	0.001198309	0.0001968545	2.306493E-05	-0.0004197606	-0.001571093	0.0007295514	-0.00654231	0.255775	-0.1118917	-0.0005564584	0.0001043722	0.0002395216	-0.000134145	-0.001891789	0.0008268909
734	0.1160824	0.1584426	-0.109446	-0.1888892	0.02868873	-0.04055572	-0.04983232	-0.5273964	-0.2106574	-0.001333654	0.2279247	-0.1083338	-0.0010408	-0.004349906	0.002451781	-0.0002237334	-0.0007948516	0.0003264969	-0.01073627	0.1849487	-0.09118152	0.0006350685	-0.00786286	0.003776952	-8.997269E-05	-0.0007294996	0.0003803254	-0.03254159	0.2582772	-0.1104624	0.001101499	0.0002167078	0.000144197	-0.0002237334	-0.0007948516	0.0003264969	-0.006729767	0.2558308	-0.1117206	-0.000464208	9.224155E-05	0.0002224373	-8.997269E-05	-0.0007294996	0.0003803254
737	0.1157255	0.1579845	-0.1091721	-0.1890373	0.02871794	-0.0403645	-0.05075949	-0.5226617	-0.2091637	-0.001273602	0.2280737	-0.1081853	-0.0007655874	-0.003225177	0.00187597	-9.89968E-05	-0.0003149563	0.0001009198	-0.0103531	0.1851892	-0.09063649	0.0005720935	-0.005837019	0.00296897	-8.322326E-05	-4.06644E-05	8.32486E-05	-0.03249914	0.258372	-0.110189	0.0008367359	0.0001862386	0.0001765143	-9.89968E-05	-0.0003149563	0.0001009198	-0.006500304	0.2560825	-0.111057	-0.0002907902	0.0001320939	0.0003327077	-8.322326E-05	-4.06644E-05	8.32486E-05
741	0.1155693	0.1575808	-0.1089466	-0.188859	0.02908558	-0.04010487	-0.05116776	-0.5215324	-0.2088006	-0.001197815	0.2280927	-0.1080761	-0.0005552438	-0.002414144	0.001434276	-2.166168E-05	-3.345904E-05	-3.473354E-05	-0.01008011	0.1852655	-0.09048104	0.0004973175	-0.004358676	0.00226559	-8.111146E-05	0.0003390875	-0.0001134086	-0.03268235	0.2583647	-0.1101239	0.0005817495	0.000137861	0.0001486578	-2.166168E-05	-3.345904E-05	-3.473354E-05	-0.006541014	0.2563276	-0.110383	-0.0002282702	0.000160344	0.0004180331	-8.111146E-05	0.0003390875	-0.0001134086
744	0.1154839	0.1580887	-0.1084924	-0.1889678	0.02964455	-0.03976369	-0.05242795	-0.5221872	-0.209307	-0.0007613748	0.2284614	-0.1079178	-0.0003073228	-0.001718414	0.001115285	4.573399E-05	0.0001488381	-0.0001057981	-0.009315759	0.1854147	-0.09019351	0.0005640769	-0.003231724	0.001771076	-4.414374E-05	0.0005360535	-0.000208685	-0.03236916	0.2585242	-0.1097715	0.0005146103	0.0001432563	0.000199589	4.573399E-05	0.0001488381	-0.0001057981	-0.006743297	0.2563725	-0.1102433	-0.0002217734	0.0001314786	0.0003484532	-4.414374E-05	0.0005360535	-0.000208685
748	0.115719	0.1639709	-0.1039271	-0.1887442	0.03574497	-0.03528762	-0.05180351	-0.5172896	-0.2055998	-0.0005809963	0.2285616	-0.1078525	-0.0001853974	-0.001263777	0.0008527952	6.478182E-05	0.0002252879	-0.0001449709	-0.008346647	0.1857452	-0.08946705	0.0006653356	-0.002341166	0.001509922	-7.793118E-06	0.0006246797	-0.0002218022	-0.03241915	0.2585669	-0.109622	0.0003734594	0.0001181115	0.0001870639	6.478182E-05	0.0002252879	-0.0001449709	-0.006912097	0.2567581	-0.1091766	-0.0002085302	0.0001950194	0.0005280111	-7.793118E-06	0.0006246797	-0.0002218022
751	0.1154894	0.1626688	-0.1042171	-0.1890409	0.03453505	-0.03562856	-0.05183091	-0.5193458	-0.2065701	-0.0001270026	0.2284998	-0.1071608	-2.554966E-05	-0.0009632703	0.0008125094	8.854832E-05	0.0002440926	-0.0001187996	-0.00800091	0.1859017	-0.08910918	0.0005854359	-0.001716744	0.001221908	-2.581977E-05	0.0006246152	-0.0002383551	-0.0326022	0.2586905	-0.1091857	0.000234333	0.0001194886	0.0002493744	8.854832E-05	0.0002440926	-0.0001187996	-0.007075295	0.2566836	-0.1093643	-0.000197197	0.000127653	0.0003490995	-2.581977E-05	0.0006246152	-0.0002383551
754	0.1154288	0.1621891	-0.1042171	-0.1892202	0.03414631	-0.03570795	-0.05184556	-0.520092	-0.2068841	5.574524E-05	0.2287004	-0.1067319	2.652472E-05	-0.0006723104	0.0007166108	7.942983E-05	0.0002558095	-0.0001130744	-0.007157341	0.1861441	-0.08856773	0.0006499693	-0.00122697	0.001051793	-3.231471E-06	0.000590905	-0.000221295	-0.03439998	0.258925	-0.1077805	-0.0002736953	0.0001482376	0.0005383405	7.942983E-05	0.0002558095	-0.0001130744	-0.006504387	0.2569201	-0.1087592	-5.170703E-06	0.0001548527	0.0004131012	-3.231471E-06	0.000590905	-0.000221295
758	0.1153975	0.1618271	-0.1041825	-0.1893014	0.03384006	-0.03575015	-0.05177399	-0.5208713	-0.2074661	0.0002487749	0.2288688	-0.1066346	6.815095E-05	-0.0004621221	0.0005617768	6.997893E-05	0.0002444042	-0.0001235143	-0.006821439	0.18623	-0.08837414	0.0005714525	-0.00089874	0.0008372438	-2.205281E-05	0.0005252362	-0.0002196086	-0.0355854	0.2589843	-0.1071119	-0.0005016277	0.0001260049	0.0005708868	6.997893E-05	0.0002444042	-0.0001235143	-0.00645861	0.257078	-0.1083267	7.566065E-06	0.0001556127	0.0004179487	-2.205281E-05	0.0005252362	-0.0002196086
761	0.1153533	0.1615896	-0.1039493	-0.1897929	0.03137404	-0.03590059	-0.05165461	-0.5212284	-0.2078512	0.0005223751	0.2291741	-0.1064801	0.0001195133	-0.0002702678	0.0004599564	6.532478E-05	0.0002312667	-0.0001180908	-0.006568268	0.1861119	-0.08869171	0.000491882	-0.0007035742	0.0005485395	-3.643222E-05	0.0004427186	-0.0002368826	-0.03625911	0.2592773	-0.1059859	-0.0005446486	0.0001677578	0.0007096779	6.532478E-05	0.0002312667	-0.0001180908	-0.006877705	0.2574788	-0.1072121	-9.909924E-05	0.0002169198	0.0005921132	-3.643222E-05	0.0004427186	-0.0002368826
764	0.1153664	0.1613566	-0.1039093	-0.1899976	0.02940398	-0.03582907	-0.05152838	-0.5218886	-0.2083097	0.0008476526	0.2293449	-0.1061871	0.0001709543	-0.000160009	0.0004182214	6.185385E-05	0.0002010147	-9.900187E-05	-0.006335184	0.1863694	-0.08805013	0.0004271825	-0.0004633077	0.0005718007	-4.349904E-05	0.0003921056	-0.0001718466	-0.03653418	0.2594887	-0.1052573	-0.0004772535	0.0001786728	0.0007144102	6.185385E-05	0.0002010147	-9.900187E-05	-0.007233933	0.2575972	-0.1068773	-0.0001633812	0.0001922836	0.0005277699	-4.349904E-05	0.0003921056	-0.0001718466
768	0.1161404	0.1630013	-0.1045005	-0.1899272	0.02992469	-0.03568149	-0.05176139	-0.5172483	-0.2067988	0.0005303323	0.2281201	-0.1050196	4.888567E-05	-0.0004262108	0.00060555	1.587323E-05	8.421062E-05	-2.741925E-05	-0.006164506	0.1865159	-0.08768225	0.0003630564	-0.0003108686	0.0005208205	-4.865582E-05	0.000332189	-0.00014163	-0.03737035	0.2593868	-0.1051881	-0.0005669829	0.0001085236	0.000553093	1.587323E-05	8.421062E-05	-2.741925E-05	-0.007524192	0.2577322	-0.1064641	-0.0001951008	0.0001779489	0.0004991223	-4.865582E-05	0.000332189	-0.00014163
771	0.1160342	0.1623472	-0.1044478	-0.1901161	0.02858728	-0.03556991	-0.05193617	-0.516911	-0.2066424	0.0005171448	0.2282449	-0.1049628	3.336737E-05	-0.000288455	0.0004683484	8.025344E-06	9.759689E-05	-5.486484E-05	-0.005837649	0.1867214	-0.08717108	0.0003540065	-0.0001817574	0.0005184077	-3.875433E-05	0.0002814195	-0.0001068257	-0.03768932	0.2594162	-0.1049719	-0.0005049789	8.875386E-05	0.0004688812	8.025344E-06	9.759689E-05	-5.486484E-05	-0.008249104	0.2580575	-0.1054814	-0.0003275535	0.0002148071	0.000620032	-3.875433E-05	0.0002814195	-0.0001068257
774	0.1160283	0.1617821	-0.1043711	-0.1900276	0.02826518	-0.03559566	-0.05189526	-0.5174376	-0.2070837	0.0007543117	0.2284614	-0.1047466	8.431725E-05	-0.0001622203	0.0004053227	1.875648E-05	0.0001047564	-5.690505E-05	-0.005810633	0.1867564	-0.08708262	0.0002722589	-0.000127571	0.0004109191	-4.950267E-05	0.0002246112	-0.0001069914	-0.03897432	0.2593114	-0.1046999	-0.0006999846	4.035425E-05	0.0004196698	1.875648E-05	0.0001047564	-5.690505E-05	-0.007926866	0.258069	-0.1054811	-0.0001651057	0.0001639664	0.0004650836	-4.950267E-05	0.0002246112	-0.0001069914
778	0.1160604	0.161622	-0.1044536	-0.190028	0.02830923	-0.03557777	-0.05159113	-0.5188673	-0.2082632	0.0007660985	0.2282912	-0.1044154	6.618464E-05	-0.0001642229	0.0003867829	9.534205E-06	7.80666E-05	-4.731375E-05	-0.005742908	0.1868384	-0.08687711	0.0002211256	-7.517427E-05	0.0003595686	-4.991032E-05	0.0001815576	-9.308121E-05	-0.03968021	0.2592595	-0.1045196	-0.000701461	1.728678E-05	0.0003598134	9.534205E-06	7.80666E-05	-4.731375E-05	-0.008202419	0.2579436	-0.1058106	-0.0001927174	9.163763E-05	0.0002664391	-4.991032E-05	0.0001815576	-9.308121E-05
781	0.1161018	0.1615019	-0.104408	-0.1900886	0.0274387	-0.03535628	-0.05152089	-0.5198488	-0.208801	0.0007444471	0.2284372	-0.1041818	4.422564E-05	-8.665935E-05	0.0003484997	1.660902E-06	7.794084E-05	-4.505611E-05	-0.005468681	0.1872933	-0.08569336	0.0002344007	5.733006E-05	0.0005656135	-3.411396E-05	0.0001692943	-1.829967E-05	-0.04067627	0.2591197	-0.1044924	-0.000775109	-2.196324E-05	0.000276655	1.660902E-06	7.794084E-05	-4.505611E-05	-0.008377716	0.2580481	-0.10551	-0.0001883623	9.483506E-05	0.0002749908	-3.411396E-05	0.0001692943	-1.829967E-05
784	0.1161293	0.1613348	-0.1044576	-0.190015	0.02753985	-0.03536582	-0.05184531	-0.5181121	-0.208333	0.000736028	0.2284398	-0.1041431	3.106444E-05	-6.433886E-05	0.0002710307	-2.044623E-06	6.403575E-05	-5.315933E-05	-0.00543347	0.1873204	-0.08562279	0.0001846034	4.977757E-05	0.0004418531	-3.80348E-05	0.0001250826	-4.466486E-05	-0.04165159	0.2588938	-0.1047053	-0.0008251632	-7.294783E-05	0.0001542643	-2.044623E-06	6.403575E-05	-5.315933E-05	-0.008247957	0.2580139	-0.1056192	-0.0001088319	6.258793E-05	0.0001789442	-3.80348E-05	0.0001250826	-4.466486E-05
788	0.1161164	0.1610537	-0.1043696	-0.1900401	0.02678978	-0.03527164	-0.05177498	-0.518443	-0.2084758	0.0008390993	0.2285706	-0.1042714	4.906616E-05	-1.5561E-05	0.0001712058	2.966964E-06	6.022128E-05	-6.482574E-05	-0.005421385	0.1874474	-0.08528447	0.0001414737	6.907265E-05	0.0004159688	-3.930851E-05	9.86357E-05	-3.996971E-05	-0.04203758	0.2587646	-0.1049294	-0.0007153686	-8.70315E-05	5.966987E-05	2.966964E-06	6.022128E-05	-6.482574E-05	-0.008493841	0.25791	-0.1059036	-0.000143095	2.096822E-05	6.309978E-05	-3.930851E-05	9.86357E-05	-3.996971E-05
791	0.1174358	0.1605761	-0.1045928	-0.1886838	0.02573234	-0.03555942	-0.05044138	-0.5190278	-0.2089281	0.0009248704	0.2287378	-0.1043396	5.824239E-05	3.012701E-05	0.0001113574	4.519281E-06	5.658796E-05	-6.358139E-05	-0.005620375	0.1875017	-0.08512592	5.635779E-05	6.537945E-05	0.0003516137	-5.076037E-05	7.305348E-05	-4.606606E-05	-0.04264731	0.2586907	-0.1048667	-0.0006889597	-8.375106E-05	6.042842E-05	4.519281E-06	5.658796E-05	-6.358139E-05	-0.0083711	0.2579721	-0.1057522	-7.663602E-05	3.123827E-05	8.517379E-05	-5.076037E-05	7.305348E-05	-4.606606E-05
794	0.1187259	0.165048	-0.1074173	-0.1882144	0.02483588	-0.03544593	-0.04924883	-0.5199295	-0.2102664	1.057982E-05	0.2242213	-0.1014857	-0.0001848908	-0.001106525	0.0007969856	-5.739385E-05	-0.0002417221	0.000123721	-0.006116375	0.1875892	-0.08486629	-8.173168E-05	7.092439E-05	0.0003286197	-7.259264E-05	5.617634E-05	-4.029804E-05	-0.04394887	0.2583774	-0.1052008	-0.000842109	-0.0001411338	-3.818479E-05	-5.739385E-05	-0.0002417221	0.000123721	-0.007464662	0.2580903	-0.1055307	0.0001691324	5.297771E-05	0.0001192531	-7.259264E-05	5.617634E-05	-4.029804E-05
797	0.1196576	0.1667991	-0.108706	-0.1848457	0.01587129	-0.03514004	-0.04859646	-0.5192898	-0.2104549	7.83056E-05	0.2219028	-0.1005437	-0.0001217367	-0.001409504	0.0008332372	-2.725685E-05	-0.0002570364	0.0001018537	-0.01251985	0.1860976	-0.08808374	-0.001662168	-0.0003197083	-0.0005578999	-0.0004495535	-5.552591E-05	-0.0002518534	-0.04801024	0.2578789	-0.1047704	-0.001646925	-0.0002304688	7.894779E-05	-2.725685E-05	-0.0002570364	0.0001018537	-0.005396336	0.2586056	-0.1043913	0.0006439307	0.0001685687	0.0003742904	-0.0004495535	-5.552591E-05	-0.0002518534
801	0.1210893	0.161845	-0.1063931	-0.1806998	0.01671326	-0.0345912	-0.04512931	-0.5162128	-0.2098515	0.005767629	0.2243876	-0.1067286	0.001331028	-0.0004359436	-0.0009212762	0.0003427486	5.061294E-05	-0.0003622381	-0.01975738	0.1878893	-0.08180952	-0.003056007	0.0002081328	0.001150131	-0.0006856249	9.031583E-05	0.0002381177	-0.04898114	0.2535455	-0.1167419	-0.001477918	-0.001256211	-0.002933657	0.0003427486	5.061294E-05	-0.0003622381	9.058416E-05	0.2608454	-0.0979054	0.001854678	0.0006863824	0.001902203	-0.0006856249	9.031583E-05	0.0002381177
804	0.1283606	0.01494426	-0.05063796	-0.1662276	-0.0004410148	-0.02688575	-0.02498174	-0.5247768	-0.2061613	0.06553516	0.1844889	-0.1110408	0.01594015	-0.01030163	-0.001769026	0.003909343	-0.002428462	-0.0004836161	-0.05781655	0.2569073	-0.09265566	-0.0118068	0.01741062	-0.001848936	-0.002701917	0.004368358	-0.0005711786	-0.09047626	0.1873102	-0.09752321	-0.01148222	-0.01750098	0.002604428	0.003909343	-0.002428462	-0.0004836161	0.04248594	0.2580999	-0.09823155	0.01198985	-0.0001716054	0.001345113	-0.002701917	0.004368358	-0.0005711786
807	0.1334104	-0.0132916	-0.04047322	-0.1718227	-0.004105687	-0.02657223	-0.02342458	-0.5400138	-0.211766	0.08181573	0.1995093	-0.1287651	0.01602526	-0.003971131	-0.005757838	0.002953284	-0.0002387215	-0.001359915	-0.07878368	0.2532796	-0.08701944	-0.01409688	0.01215103	2.235151E-05	-0.002598958	0.001961373	3.943802E-05	-0.09726156	0.1946611	-0.1048198	-0.01030799	-0.01128799	0.0001291803	0.002953284	-0.0002387215	-0.001359915	0.07223891	0.2482719	-0.1078751	0.01643063	-0.002585697	-0.001402054	-0.002598958	0.001961373	3.943802E-05
811	0.1519731	0.03608215	-0.01397324	-0.1614431	0.04126632	-0.002822876	-0.007279301	-0.4906231	-0.1881058	0.1081128	0.161064	-0.1473532	0.01859322	-0.01258967	-0.008965395	0.002856953	-0.002333676	-0.001821826	-0.1111931	0.2443672	-0.07674074	-0.01867503	0.006885163	0.002586439	-0.003093755	0.0001545623	0.0006706004	-0.1271051	0.1799561	-0.1230061	-0.01519188	-0.01214226	-0.004449698	0.002856953	-0.002333676	-0.001821826	0.09906591	0.2418309	-0.1011264	0.01902972	-0.003549507	0.0006356285	-0.003093755	0.0001545623	0.0006706004
814	0.1523831	0.03025597	-0.01379323	-0.1631044	0.03897548	-0.002396584	-0.008824364	-0.4946024	-0.189142	0.1278504	0.1319043	-0.1632416	0.01887929	-0.01673217	-0.01069616	0.002214233	-0.002785882	-0.00179906	-0.119857	0.2169203	-0.06903291	-0.01617225	-0.001697859	0.003866788	-0.001694621	-0.002029834	0.0008230375	-0.1537776	0.1452896	-0.1345229	-0.01806202	-0.01777332	-0.006216476	0.002214233	-0.002785882	-0.00179906	0.12839	0.2280619	-0.1017475	0.0216033	-0.006104388	0.0003214513	-0.001694621	-0.002029834	0.0008230375
818	0.1530942	-0.001193523	-0.01675606	-0.163947	0.0354377	-0.00220561	-0.009231943	-0.4994775	-0.1919391	0.1456611	0.1113878	-0.1803727	0.01861216	-0.01767826	-0.01230489	0.001593892	-0.002325933	-0.001751479	-0.1549106	0.2198647	-0.06092763	-0.02089258	-0.0005372916	0.004926411	-0.002451048	-0.001232234	0.0008821838	-0.1747151	0.09737432	-0.1461051	-0.01878091	-0.02530881	-0.007557891	0.001593892	-0.002325933	-0.001751479	0.1360467	0.2058718	-0.1088097	0.01811666	-0.01012583	-0.001524461	-0.002451048	-0.001232234	0.0008821838
821	0.1558461	-0.03191999	-0.02917671	-0.1752162	-0.03039259	-0.02084255	-0.005993451	-0.5268015	-0.205029	0.1580817	0.05138513	-0.1906514	0.01706425	-0.02825936	-0.01179834	0.000808442	-0.004389725	-0.001186972	-0.1670526	0.2101775	-0.08342361	-0.01870492	-0.002824765	-0.001929188	-0.001291373	-0.001496044	-0.001052262	-0.176463	0.08189219	-0.1404328	-0.01452265	-0.02285214	-0.004250364	0.000808442	-0.004389725	-0.001186972	0.1423734	0.188022	-0.1214552	0.01516917	-0.01205681	-0.004304716	-0.001291373	-0.001496044	-0.001052262
824	0.1595616	-0.009715378	-0.01344967	-0.1810607	-0.006071001	-0.001636744	-0.01180807	-0.5075534	-0.1898034	0.1418776	-0.02429777	-0.184875	0.008747187	-0.04011524	-0.007404657	-0.001472935	-0.006256266	0.000208193	-0.1621479	0.1951975	-0.08238482	-0.01280253	-0.005863564	-0.001187194	0.0005070692	-0.001881732	-0.0006036977	-0.1966112	0.009118348	-0.1479897	-0.01592903	-0.03533256	-0.005077002	-0.001472935	-0.006256266	0.000208193	0.1548347	0.1739601	-0.1409392	0.0144922	-0.01255809	-0.008099549	0.0005070692	-0.001881732	-0.0006036977
827	0.1588611	-0.0229153	-0.02290154	-0.1775072	-0.01091716	-0.002153158	-0.01365929	-0.5205883	-0.1929414	0.1427692	-0.09724665	-0.1691113	0.00678329	-0.04832365	-0.001612553	-0.001595676	-0.006744301	0.001604171	-0.1538277	0.1716451	-0.1253312	-0.007521849	-0.01028578	-0.01162698	0.001700471	-0.002516853	-0.00306272	-0.1878554	-0.06196356	-0.1392071	-0.009757835	-0.0442699	-0.001612095	-0.001595676	-0.006744301	0.001604171	0.1090156	0.1199017	-0.1760335	-0.000585624	-0.02293315	-0.01484823	0.001700471	-0.002516853	-0.00306272
831	0.1348332	-0.09514549	-0.06419444	-0.1731109	-0.04486501	-0.01279712	-0.01776017	-0.5613723	-0.2070482	0.1595034	-0.146047	-0.1297476	0.009271013	-0.04844283	0.008631491	-0.0005748263	-0.005088019	0.003764139	-0.1118542	0.1235274	-0.1467471	0.004852	-0.01974376	-0.01407422	0.004368816	-0.004252137	-0.002908851	-0.157321	-0.1244433	-0.1148438	0.0003152387	-0.04882237	0.004881749	-0.0005748263	-0.005088019	0.003764139	0.06167629	0.06969786	-0.2229125	-0.01227404	-0.02975084	-0.02285593	0.004368816	-0.004252137	-0.002908851
834	0.1214217	-0.03861669	-0.04784989	-0.1628252	-0.05187067	-0.02466297	-0.01731998	-0.5654353	-0.2071874	0.125084	-0.2338975	-0.1170113	-0.001651606	-0.05829475	0.009657699	-0.003161774	-0.006278996	0.003079656	-0.08618729	0.06187522	-0.2688594	0.01005572	-0.03022086	-0.04108373	0.004577543	-0.005808377	-0.008934016	-0.1590441	-0.2032031	-0.1328635	-0.0001943635	-0.0563067	-0.0008436074	-0.003161774	-0.006278996	0.003079656	0.05312541	0.04055315	-0.2546365	-0.01134325	-0.0295993	-0.02507294	0.004577543	-0.005808377	-0.008934016
838	0.1558279	-0.08052966	-0.05121803	-0.169488	-0.0591543	-0.02851868	-0.01730948	-0.5691603	-0.2074242	0.1133186	-0.1604854	-0.1022248	-0.004180041	-0.02536803	0.01093989	-0.003003439	0.003522432	0.002630291	-0.1003288	0.08786887	-0.2560012	0.00400641	-0.01616723	-0.02759826	0.001920829	-0.0008428758	-0.003329144	-0.09446396	-0.1861468	-0.04271126	0.01599927	-0.03796596	0.02190536	-0.003003439	0.003522432	0.002630291	-0.003909662	-0.04930864	-0.2834506	-0.02276621	-0.04466493	-0.02600823	0.001920829	-0.0008428758	-0.003329144
841	0.1559989	-0.08159199	-0.0481863	-0.1706766	-0.06200299	-0.02973104	-0.01700265	-0.571513	-0.2051923	0.05418043	-0.2304264	-0.04280758	-0.01791958	-0.03651126	0.02305923	-0.005687463	-0.0001439822	0.005002553	-0.0953346	0.03953262	-0.2699144	0.00425336	-0.02420949	-0.02417699	0.001502359	-0.00264272	-0.001641539	-0.07191081	-0.223819	-0.0554297	0.01763774	-0.03789252	0.01324941	-0.005687463	-0.0001439822	0.005002553	-0.03455769	-0.1309721	-0.2549894	-0.02473666	-0.05391455	-0.01239087	0.001502359	-0.00264272	-0.001641539
844	0.1580645	-0.08322197	-0.04424357	-0.1706783	-0.0662117	-0.03298092	-0.01462989	-0.5742944	-0.2027156	0.04812314	-0.239047	-0.04332209	-0.014954	-0.02953862	0.0171658	-0.003524204	0.001635174	0.002278556	-0.01723583	-0.1781738	-0.2249234	0.02271471	-0.07258372	-0.006884985	0.005742108	-0.0140756	0.003091846	-0.05947462	-0.2511061	-0.05793214	0.01633736	-0.03524116	0.009311447	-0.003524204	0.001635174	0.002278556	-0.04389101	-0.1978866	-0.2039547	-0.02088583	-0.05716455	0.003465524	0.005742108	-0.0140756	0.003091846
848	0.1601105	-0.08282518	-0.04156184	-0.1698787	-0.0683139	-0.0328548	-0.01181372	-0.5758629	-0.199636	0.04271942	-0.2475444	-0.03999877	-0.01256643	-0.02427831	0.01370518	-0.00204626	0.002541459	0.0008437618	-0.00139448	-0.1981096	-0.2089708	0.02099637	-0.05942174	-0.001175592	0.003876996	-0.007266202	0.003746233	-0.05494712	-0.2534597	-0.05538487	0.01338489	-0.02701928	0.007620401	-0.00204626	0.002541459	0.0008437618	-0.03284249	-0.2418201	-0.1492057	-0.01290224	-0.05385679	0.0162864	0.003876996	-0.007266202	0.003746233
851	0.1620887	-0.08315396	-0.03899121	-0.1681686	-0.06989101	-0.03097081	-0.009830789	-0.5774946	-0.1964016	0.03994514	-0.2532735	-0.03746223	-0.01011839	-0.019641	0.01091302	-0.0009226855	0.003065421	-6.521889E-05	0.003508151	-0.2274867	-0.1748319	0.01697294	-0.05191059	0.007653036	0.001901888	-0.003571864	0.005016832	-0.05279969	-0.2540004	-0.0538516	0.01057553	-0.02039964	0.006098618	-0.0009226855	0.003065421	-6.521889E-05	-0.02035484	-0.2637944	-0.1043794	-0.006554768	-0.04588616	0.02342136	0.001901888	-0.003571864	0.005016832
855	0.163906	-0.082829	-0.03658128	-0.16912	-0.0706107	-0.03242779	-0.00767666	-0.579574	-0.1915541	0.03965199	-0.2592039	-0.03378415	-0.007662083	-0.01621336	0.009104284	-7.793633E-05	0.003155977	-0.0005010974	0.004251018	-0.2417955	-0.1530659	0.01291542	-0.04251015	0.01118126	0.0004120365	-0.0003287885	0.004644681	-0.04751021	-0.2570622	-0.04587054	0.009254015	-0.01606518	0.006569229	-7.793633E-05	0.003155977	-0.0005010974	-0.01299883	-0.2741454	-0.06890059	-0.003077076	-0.03700238	0.02643573	0.0004120365	-0.0003287885	0.004644681
857	0.1651695	-0.08358973	-0.03558183	-0.1684228	-0.07123744	-0.0326755	-0.004589001	-0.5824888	-0.1873589	0.04056364	-0.2621883	-0.03003192	-0.005518649	-0.01290612	0.007766271	0.0004774063	0.003193792	-0.0007103262	0.00544028	-0.2490783	-0.1399164	0.00998388	-0.0337033	0.01167332	-0.0004238573	0.00195512	0.003606525	-0.04384921	-0.2575597	-0.03749752	0.007855759	-0.01217324	0.007020177	0.0004774063	0.003193792	-0.0007103262	-0.0107692	-0.2774324	-0.05025125	-0.001750399	-0.02857352	0.02448913	-0.0004238573	0.00195512	0.003606525
861	0.1667028	-0.08461472	-0.03212667	-0.1680868	-0.07206389	-0.02995253	-0.002397683	-0.5840403	-0.1838777	0.04162122	-0.2650812	-0.02705479	-0.003874592	-0.0104028	0.006568986	0.0007690691	0.003021173	-0.0008320658	0.00805001	-0.2521459	-0.1336749	0.008140342	-0.02604437	0.01031538	-0.0007787775	0.003381074	0.002365409	-0.03976651	-0.260875	-0.02703953	0.006912497	-0.009958757	0.007879632	0.0007690691	0.003021173	-0.0008320658	-0.01285973	-0.2659784	-0.04428434	-0.001835431	-0.01856665	0.01985857	-0.0007787775	0.003381074	0.002365409
864	0.1656008	-0.0838393	-0.03253174	-0.1680808	-0.07216865	-0.02730751	-0.0007241976	-0.5841457	-0.1814218	0.04462545	-0.26846	-0.02202249	-0.002154888	-0.008646818	0.006184814	0.001006728	0.002704876	-0.0007200922	0.01147561	-0.2533658	-0.1308458	0.006961656	-0.01983826	0.008443804	-0.0008787547	0.004087332	0.001306162	-0.03772356	-0.2629009	-0.01799607	0.00569511	-0.007975565	0.008170588	0.001006728	0.002704876	-0.0007200922	-0.01253042	-0.2700402	-0.0517292	-0.001294245	-0.01494043	0.01303272	-0.0008787547	0.004087332	0.001306162
867	0.1653868	-0.08110765	-0.03182697	-0.1683873	-0.0720017	-0.02496386	0.0009595386	-0.5843967	-0.1798072	0.0475201	-0.280077	-0.02456856	-0.0008925023	-0.009389365	0.004002093	0.001070642	0.00184302	-0.00108575	0.01692072	-0.2547093	-0.1272349	0.006582519	-0.01521456	0.007235566	-0.0007538503	0.004221424	0.0006775622	-0.03363252	-0.2647441	-0.01290774	0.005294092	-0.006442463	0.007400023	0.001070642	0.00184302	-0.00108575	-0.01347958	-0.2719779	-0.0542388	-0.001207973	-0.01168976	0.009147138	-0.0007538503	0.004221424	0.0006775622
871	0.1659603	-0.07966387	-0.03206825	-0.1693011	-0.07094637	-0.02440834	-0.001997328	-0.592213	-0.1547334	0.04936013	-0.2797413	-0.02618265	-0.0002093704	-0.006958078	0.002598046	0.0009737646	0.001990087	-0.001165324	0.02550724	-0.2527354	-0.1299026	0.007083521	-0.01091745	0.004759758	-0.0004401373	0.004240347	-0.0001107804	-0.03006718	-0.2663381	-0.01016593	0.004861905	-0.005230334	0.006235471	0.0009737646	0.001990087	-0.001165324	-0.01705715	-0.2738265	-0.06919575	-0.001800374	-0.009229461	0.003121116	-0.0004401373	0.004240347	-0.0001107804
875	0.1650094	-0.07596412	-0.0323379	-0.1679476	-0.06872004	-0.02307272	0.004932118	-0.5864803	-0.1756341	0.05357689	-0.2789524	-0.02778125	0.0008971623	-0.005021334	0.001548886	0.001006957	0.001976751	-0.001136283	0.03462639	-0.2339821	-0.141731	0.007592429	-0.003499762	0.0006127127	-0.000202876	0.005034681	-0.001119847	-0.0353336	-0.2715615	-0.01382232	0.002329822	-0.005228614	0.003762506	0.001006957	0.001976751	-0.001136283	-0.01397118	-0.2699711	-0.08599091	-0.0005787876	-0.005958259	-0.001857952	-0.000202876	0.005034681	-0.001119847
