311	0.1533079	-0.07158428	0.003334999	-0.1561238	-0.06179392	-0.06752348	-0.005546555	-0.5328791	-0.1737359	0.07207394	-0.2817789	-0.09273624	0.002012095	-0.003321266	-0.001494389	0.001201333	0.0006238729	0.0009674936	-0.1603567	0.1090255	-0.2331221	-0.01047205	0.009320613	0.004165294	-0.001956175	-0.002351992	0.001143525	-0.07475081	-0.2225061	-0.1185207	0.0009236139	0.001233516	-0.003743261	0.001201333	0.0006238729	0.0009674936	0.1878981	0.03498915	-0.167115	-0.00902757	-0.0004273965	0.002265864	-0.001956175	-0.002351992	0.001143525
314	0.1560738	-0.07122225	0.002440929	-0.1509592	-0.06150329	-0.06775856	-0.004621372	-0.5341135	-0.1737423	0.06428159	-0.2873123	-0.07805037	-0.0004390172	-0.003874306	0.002550676	0.0002882214	0.0003296446	0.001736886	-0.02909882	0.02319361	-0.2904205	0.02496044	-0.01446751	-0.01120063	0.007390993	-0.007711024	-0.002983838	-0.09161061	-0.219251	-0.1154361	-0.00352224	0.001738904	-0.00203628	0.0002882214	0.0003296446	0.001736886	0.1917102	0.02938536	-0.1637571	-0.005817652	-0.001721495	0.00253887	0.007390993	-0.007711024	-0.002983838
318	0.1479984	-0.06735271	0.004293203	-0.1505389	-0.06078511	-0.06826448	-0.005994976	-0.5347663	-0.1732805	0.07067668	-0.2857445	-0.0784533	0.001269511	-0.00251377	0.001812275	0.000643298	0.0005873676	0.001118065	-0.03018402	0.02030922	-0.2872062	0.01844903	-0.01157173	-0.007596886	0.003915391	-0.005059323	-0.001336941	-0.1033394	-0.2235208	-0.1177964	-0.005573886	0.0002367408	-0.002117296	0.000643298	0.0005873676	0.001118065	0.1661323	0.03123	-0.1519125	-0.01075771	-0.0008299601	0.004865311	0.003915391	-0.005059323	-0.001336941
321	0.1489349	-0.0670287	0.003744602	-0.1553553	-0.05873609	-0.06788373	-0.001738444	-0.5345806	-0.1741765	0.07128302	-0.2852758	-0.07991338	0.001103717	-0.001768144	0.0009941873	0.0004410251	0.000626932	0.0006340266	-0.01949615	0.03128579	-0.2725534	0.01650874	-0.005934653	-0.002034482	0.002451471	-0.002385224	0.0003878948	-0.09874958	-0.2264747	-0.1211591	-0.00303295	-0.000560931	-0.002428636	0.0004410251	0.000626932	0.0006340266	0.1867104	0.04488721	-0.1653326	-0.002923764	0.002791833	0.0002939571	0.002451471	-0.002385224	0.0003878948
325	0.1472344	-0.06496406	0.004170179	-0.1595601	-0.0576666	-0.06723094	0.0001303405	-0.5343686	-0.17413	0.07062083	-0.2841914	-0.08529568	0.0006622414	-0.001055026	-0.0005999344	0.0002203999	0.0006484785	7.698953E-05	-0.007506594	0.09105444	-0.2906744	0.01537894	0.01049117	-0.006056113	0.001556154	0.002317538	-0.0007144866	-0.09475636	-0.2243101	-0.1213217	-0.001276409	0.0001204597	-0.001862127	0.0002203999	0.0006484785	7.698953E-05	0.1825222	0.04136771	-0.165828	-0.003239883	0.001213999	9.660935E-05	0.001556154	0.002317538	-0.0007144866
328	0.1437557	-0.07006592	0.0008666515	-0.1589158	-0.05507147	-0.06617332	0.001114994	-0.5357482	-0.1744261	0.07652567	-0.2823857	-0.08632898	0.001972891	-0.0003398391	-0.0007082773	0.0004929623	0.0006651557	3.06564E-05	-0.002051674	0.0965049	-0.2882445	0.01289794	0.009230994	-0.003934594	0.0005468641	0.001423109	-5.485257E-06	-0.09466279	-0.2250698	-0.1234915	-0.0009339121	-9.957795E-05	-0.001939057	0.0004929623	0.0006651557	3.06564E-05	0.1764819	0.04301339	-0.1665351	-0.003939989	0.00132192	-0.0001043304	0.0005468641	0.001423109	-5.485257E-06
331	0.1418945	-0.07338506	-0.0004253387	-0.1622164	-0.05269176	-0.06450009	0.001885921	-0.5359834	-0.1749685	0.07999359	-0.2812981	-0.08676314	0.002346647	1.702213E-05	-0.0006397481	0.0004631609	0.0005880821	4.012462E-05	0.001821134	0.1009097	-0.2851629	0.01064166	0.008024445	-0.002180555	-0.0001539226	0.0007656948	0.0004343957	-0.08900446	-0.2250656	-0.1256132	0.000714148	-7.364038E-05	-0.001984715	0.0004631609	0.0005880821	4.012462E-05	0.1652142	0.04647419	-0.1690941	-0.005771914	0.001856639	-0.0007179844	-0.0001539226	0.0007656948	0.0004343957
335	0.1388107	-0.07522631	0.0002222061	-0.1674642	-0.05280411	-0.06356812	-0.002694368	-0.5377908	-0.1741951	0.0803757	-0.2808954	-0.08788371	0.001855513	0.0001134388	-0.0007599529	0.0002245871	0.0004651658	4.22624E-08	0.005562089	0.1042869	-0.2831128	0.00891648	0.006862641	-0.001122876	-0.0005467358	0.0002838201	0.0005902166	-0.09208667	-0.2274861	-0.1292541	-0.0002349429	-0.0006603515	-0.002398759	0.0002245871	0.0004651658	4.22624E-08	0.1628036	0.05271998	-0.1673262	-0.004931576	0.002953927	-9.651983E-05	-0.0005467358	0.0002838201	0.0005902166
338	0.1443277	-0.07488346	-0.0004611015	-0.1682003	-0.05159491	-0.064744	0.002274156	-0.5374656	-0.174845	0.0807327	-0.279864	-0.09137726	0.001480884	0.0003429363	-0.001443352	7.478293E-05	0.0004062487	-0.000170818	0.01950341	0.1110675	-0.2779381	0.01017269	0.006842126	0.000451502	-9.599916E-05	0.0002077363	0.000836257	-0.08885357	-0.2294586	-0.1313303	0.0006320691	-0.0009883877	-0.002318106	7.478293E-05	0.0004062487	-0.000170818	0.1582114	0.05976909	-0.1652427	-0.004846742	0.003977723	0.0004484951	-9.599916E-05	0.0002077363	0.000836257
341	0.1446433	-0.07487822	-0.0006351471	-0.1681508	-0.04983664	-0.06421947	0.00121671	-0.5380142	-0.174211	0.0827334	-0.2794509	-0.09073901	0.001610839	0.0003604747	-0.000922952	8.857601E-05	0.0003090711	1.986409E-06	0.0176741	0.1135253	-0.2769217	0.007172191	0.00574604	0.0005927212	-0.0008221245	-0.0001182192	0.0006624976	-0.08965617	-0.2316285	-0.1339865	0.0002734002	-0.001283768	-0.002402635	8.857601E-05	0.0003090711	1.986409E-06	0.161533	0.02568647	-0.2134293	-0.002804659	-0.005537363	-0.01171029	-0.0008221245	-0.0001182192	0.0006624976
345	0.1432776	-0.07579193	-0.001251698	-0.1712563	-0.04804271	-0.06278849	0.003862798	-0.5379205	-0.1743858	0.08675958	-0.2787082	-0.08893561	0.002214675	0.0004560245	-0.0002413645	0.000217391	0.0002556908	0.0001718867	0.01486616	0.115774	-0.2740524	0.004677157	0.004871717	0.001161883	-0.001240352	-0.0003072451	0.0006391635	-0.08706069	-0.2336831	-0.1357234	0.0008539212	-0.001476476	-0.002236196	0.000217391	0.0002556908	0.0001718867	0.1666717	0.02684703	-0.2134432	-0.0008188132	-0.003862882	-0.008786177	-0.001240352	-0.0003072451	0.0006391635
348	0.1431163	-0.07664844	-0.001647234	-0.1731939	-0.04822749	-0.06320667	0.005680442	-0.5382308	-0.1747551	0.06686651	-0.2549913	-0.03225136	-0.003312262	0.00627125	0.01399004	-0.001218691	0.001645574	0.003686766	0.03146136	0.08420016	-0.2911694	0.007656668	-0.004239681	-0.003407844	-0.000185386	-0.002508284	-0.0006630589	-0.08406657	-0.2353162	-0.1360779	0.001388971	-0.001515634	-0.001765779	-0.001218691	0.001645574	0.003686766	0.1854979	0.0955613	-0.2209578	0.004092452	0.0142814	-0.008468281	-0.000185386	-0.002508284	-0.0006630589
351	0.1402564	-0.07329583	-0.002807856	-0.1712953	-0.04803264	-0.0634141	0.007309616	-0.5381322	-0.1749766	0.09294835	-0.276579	-0.08955479	0.004036264	-0.0006934875	-0.003833327	0.0009231135	-0.0005070035	-0.001690767	0.01083646	0.1164135	-0.2691171	0.0005862769	0.004873568	0.002957189	-0.001906637	0.0003970996	0.001093964	-0.09805563	-0.2508732	-0.1465867	-0.002455537	-0.005025981	-0.003951528	0.0009231135	-0.0005070035	-0.001690767	0.1610167	0.07868797	-0.1703937	-0.003050978	0.006492721	0.006289802	-0.001906637	0.0003970996	0.001093964
355	0.1355318	-0.07021934	-0.005369186	-0.1719067	-0.05161029	-0.06534266	0.009012878	-0.5380618	-0.1755431	0.08231425	-0.2654446	-0.0328474	0.0003686729	0.002263488	0.01130185	-0.0002245627	0.0003589913	0.002515719	0.02508236	0.08353423	-0.2920332	0.004001183	-0.004564636	-0.003511128	-0.0005762515	-0.002061726	-0.0007966063	-0.08870664	-0.2437127	-0.1447752	0.0004955945	-0.00197935	-0.00251077	-0.0002245627	0.0003589913	0.002515719	0.1520765	0.08502463	-0.1633692	-0.004523281	0.006453705	0.006473483	-0.0005762515	-0.002061726	-0.0007966063
358	0.1306801	-0.06526285	-0.004777908	-0.1747718	-0.05205709	-0.06488943	0.009937793	-0.5379262	-0.1756246	0.09870565	-0.2746301	-0.08972764	0.004374354	-0.0005987571	-0.005743671	0.0008329982	-0.0004463179	-0.002374591	0.00522048	0.1097075	-0.2551897	-0.001964584	0.003119843	0.006577538	-0.00192363	0.0003748251	0.001924712	-0.08305401	-0.2420751	-0.1427367	0.001784855	-0.001075125	-0.001373458	0.0008329982	-0.0004463179	-0.002374591	0.1478164	0.0865691	-0.1599262	-0.004457469	0.005226398	0.005715863	-0.00192363	0.0003748251	0.001924712
361	0.127135	-0.06915414	-0.009023666	-0.1777834	-0.05182517	-0.0642345	0.01029468	-0.5384026	-0.1762228	0.1050202	-0.2730027	-0.08699274	0.004859413	-4.222884E-05	-0.003624029	0.0007460135	-0.0001956063	-0.001251033	0.00165616	0.1152926	-0.2560761	-0.002364518	0.003736158	0.004711544	-0.001542706	0.0004351976	0.0009770353	-0.07609802	-0.2409562	-0.1432371	0.003077636	-0.0005266193	-0.001155203	0.0007460135	-0.0001956063	-0.001251033	0.1424206	0.08687422	-0.1553569	-0.004692052	0.003996077	0.00542922	-0.001542706	0.0004351976	0.0009770353
364	0.1250008	-0.07073587	-0.01129556	-0.1772436	-0.05153203	-0.06456971	0.01047501	-0.5387087	-0.1769829	0.1022328	-0.2649261	-0.0358088	0.002947692	0.001987473	0.01007796	8.157984E-05	0.0003607206	0.002487223	0.005211465	0.1032617	-0.2865584	-0.0008845623	-0.0002056102	-0.004086915	-0.0007870408	-0.0006590437	-0.001466838	-0.07405379	-0.2404571	-0.1427312	0.002819285	-0.0002701821	-0.0007399215	8.157984E-05	0.0003607206	0.002487223	0.1441371	0.08128449	-0.1778977	-0.003089915	0.001599627	-0.001563286	-0.0007870408	-0.0006590437	-0.001466838
368	0.1225234	-0.07254899	-0.01363111	-0.1752527	-0.05110508	-0.06480527	0.01070327	-0.5397294	-0.1778591	0.1209033	-0.2652571	-0.09099984	0.006878405	0.001407858	-0.006239288	0.001043863	0.0001256369	-0.002213896	-0.01295933	0.1161793	-0.2492199	-0.00520612	0.003075202	0.006269437	-0.00167067	0.0003259202	0.001488959	-0.07482803	-0.2399964	-0.1429229	0.001920905	-8.745806E-05	-0.0006028633	0.001043863	0.0001256369	-0.002213896	0.1586957	0.08644712	-0.1364498	0.001322202	0.002490377	0.009189505	-0.00167067	0.0003259202	0.001488959
371	0.1270438	-0.07055724	-0.01336169	-0.1681902	-0.05270422	-0.06470466	0.01297274	-0.5409858	-0.1777389	0.1138554	-0.264995	-0.04018664	0.003396834	0.001121429	0.008023834	-8.749531E-05	2.262033E-05	0.001905359	-0.01199616	0.111708	-0.2830913	-0.003663797	0.001188568	-0.003765775	-0.000867422	-0.0002272182	-0.001392083	-0.07525027	-0.2369509	-0.1450064	0.001335119	0.0006957739	-0.0009730324	-8.749531E-05	2.262033E-05	0.001905359	0.155209	0.08761272	-0.1398604	0.0001199858	0.002159182	0.006039484	-0.000867422	-0.0002272182	-0.001392083
374	0.1295925	-0.06943119	-0.01320052	-0.1660837	-0.05324727	-0.06510901	0.01574957	-0.5421442	-0.1778464	0.1113281	-0.2662185	-0.04074311	0.001915779	0.0005351957	0.005878758	-0.0004358852	-0.0001295931	0.0008927501	-0.01314073	0.1173178	-0.2807221	-0.003033992	0.002293886	-0.00223204	-0.0004931152	0.0001059158	-0.0006606289	-0.07271764	-0.2358585	-0.1452448	0.001634497	0.0007949314	-0.000789379	-0.0004358852	-0.0001295931	0.0008927501	0.1718081	0.1109602	-0.1588266	0.004239754	0.007456246	-0.0002119364	-0.0004931152	0.0001059158	-0.0006606289
378	0.1418174	-0.1418445	-0.03817725	-0.1643349	-0.05407786	-0.06565404	0.01561177	-0.5487458	-0.1803751	0.1019523	-0.1982025	-0.01389623	-0.0009071107	0.01740539	0.01112079	-0.001032636	0.004120355	0.001980071	-0.02023993	0.1244451	-0.2770767	-0.004050293	0.003502239	-0.0007626748	-0.0006239114	0.0003815252	-0.0001281304	-0.06647983	-0.2311747	-0.1469662	0.002785324	0.001767162	-0.00102238	-0.001032636	0.004120355	0.001980071	0.1596079	0.08612487	-0.1354952	0.000129764	-0.0006166375	0.005673898	-0.0006239114	0.0003815252	-0.0001281304
381	0.1389546	-0.1328724	-0.04280162	-0.1624522	-0.05538309	-0.06672931	0.01884493	-0.5552115	-0.1825976	0.1015978	-0.1984081	-0.01233912	-0.0007689484	0.01300266	0.008729871	-0.0007399367	0.001989581	0.0008873232	-0.0233942	0.1276088	-0.2752917	-0.003826289	0.003417585	-0.0001257461	-0.0004119327	0.0002649802	6.313438E-05	-0.06497672	-0.2281809	-0.1476235	0.002464771	0.002073812	-0.0009311149	-0.0007399367	0.001989581	0.0008873232	0.160004	0.08453575	-0.136045	0.0001963561	-0.000859758	0.004117975	-0.0004119327	0.0002649802	6.313438E-05
384	0.1366464	-0.1333237	-0.04287839	-0.1609544	-0.05636078	-0.06735158	0.0184831	-0.5579895	-0.1830139	0.1102442	-0.2007248	-0.02840185	0.001584898	0.009172806	0.002531719	3.350904E-05	0.0005347235	-0.0008840456	-0.02929433	0.1751209	-0.2460778	-0.004344748	0.01444122	0.007209167	-0.0004385644	0.002954643	0.001881079	-0.05680922	-0.2179343	-0.155839	0.003890454	0.00411701	-0.002752193	3.350904E-05	0.0005347235	-0.0008840456	0.1569674	0.1138888	-0.1366758	-0.0006118949	0.006693445	0.002930768	-0.0004385644	0.002954643	0.001881079
388	0.1347017	-0.1343159	-0.04199529	-0.1614141	-0.058029	-0.06705594	0.01744175	-0.5611269	-0.1821871	0.117141	-0.2004206	-0.04341435	0.002912866	0.006955645	-0.001854336	0.0003571239	-0.0001532475	-0.001759548	-0.0332885	0.1418213	-0.1911454	-0.004257104	0.002506014	0.01913996	-0.0003070122	-0.0007678184	0.004393509	-0.05500335	-0.2163522	-0.1577508	0.003369309	0.003483287	-0.002542114	0.0003571239	-0.0001532475	-0.001759548	0.1833297	0.1267312	-0.1354234	0.006131654	0.008230681	0.002511179	-0.0003070122	-0.0007678184	0.004393509
391	0.1331429	-0.1309007	-0.04140711	-0.1852046	-0.1010444	-0.05476594	-0.01394032	-0.5990165	-0.1649785	0.0869699	-0.2222825	-0.05861688	-0.00535813	-0.0002487404	-0.005191383	-0.001799906	-0.001916032	-0.002153923	-0.05025958	0.2005533	-0.2209096	-0.007435597	0.01656251	0.006913929	-0.001024882	0.002938261	0.0002386228	-0.05442032	-0.2003301	-0.158288	0.002672737	0.006617994	-0.002040875	-0.001799906	-0.001916032	-0.002153923	0.2123465	0.151425	-0.1519384	0.01185295	0.01234647	-0.00224537	-0.001024882	0.002938261	0.0002386228
395	0.1347534	-0.1304457	-0.04123688	-0.1828375	-0.09885925	-0.05461121	-0.008561641	-0.5998088	-0.1643362	0.09121839	-0.2218061	-0.06148052	-0.002956474	-6.745779E-05	-0.004609449	-0.0007495156	-0.001391703	-0.001469959	-0.05894485	0.1886365	-0.2294819	-0.007748016	0.009442689	0.003042362	-0.0008467666	0.0004237397	-0.0007889248	-0.04339972	-0.1967248	-0.1628363	0.004759703	0.005864822	-0.002667734	-0.0007495156	-0.001391703	-0.001469959	0.1770568	0.116209	-0.1171639	6.729644E-05	0.0004558461	0.007009608	-0.0008467666	0.0004237397	-0.0007889248
398	0.2262196	-0.1465559	0.007808924	-0.1684404	-0.08817214	-0.05514431	0.0008795261	-0.5911769	-0.1641748	0.01178952	-0.1902921	-0.1317501	-0.02207457	0.007827919	-0.02102448	-0.005341661	0.0009300667	-0.005206227	-0.04206041	0.1962684	-0.2265897	-0.001589901	0.008989992	0.003004835	0.0009044539	0.0002046304	-0.0006010752	-0.03133759	-0.1909046	-0.1732531	0.00658531	0.005853648	-0.004604987	-0.005341661	0.0009300667	-0.005206227	0.2335264	0.1377225	-0.1312759	0.01416787	0.005720258	0.001729207	0.0009044539	0.0002046304	-0.0006010752
401	0.2254687	-0.1459541	0.006991148	-0.1689037	-0.08617234	-0.05578709	0.00816378	-0.5995668	-0.1679265	0.01665354	-0.185339	-0.1387522	-0.01533993	0.007109218	-0.01751889	-0.002322584	0.0005178748	-0.003028273	-0.0657893	0.1741763	-0.2391875	-0.007124648	0.001219468	-0.0008958234	-0.0007053465	-0.001789158	-0.001425971	-0.02380162	-0.1877518	-0.1753898	0.006822973	0.005178448	-0.003987917	-0.002322584	0.0005178748	-0.003028273	0.1981557	0.1323936	-0.08685088	0.001783222	0.00295797	0.01240316	-0.0007053465	-0.001789158	-0.001425971
405	0.2256438	-0.1466594	0.005427837	-0.168611	-0.08387375	-0.05610967	0.008080721	-0.5988889	-0.1683247	0.02063236	-0.183012	-0.1417427	-0.01051024	0.005913663	-0.01388679	-0.0005345163	8.951724E-05	-0.001363179	-0.07144824	0.1723769	-0.2388256	-0.006758223	0.0004647571	-0.0005813877	-0.0004374036	-0.001530546	-0.0009908692	-0.01525936	-0.1861089	-0.1841948	0.007252797	0.004294557	-0.005192197	-0.0005345163	8.951724E-05	-0.001363179	0.2341389	0.1255767	-0.1426343	0.0103332	0.0005142614	-0.004643479	-0.0004374036	-0.001530546	-0.0009908692
408	0.2282932	-0.1469597	-0.003861427	-0.1483496	-0.07328981	-0.06008744	0.009588048	-0.5954047	-0.1719787	0.02554669	-0.1768184	-0.1493387	-0.006654096	0.005983641	-0.0123141	0.0005631482	8.463259E-05	-0.0006292111	-0.0820327	0.1725634	-0.2351094	-0.007714782	0.0003951786	0.000492987	-0.0005671924	-0.001165304	-0.0004745583	-0.02499217	-0.1866392	-0.1942797	0.003006395	0.003088342	-0.006415364	0.0005631482	8.463259E-05	-0.0006292111	0.1804727	0.09614864	-0.09131551	-0.005666649	-0.006971328	0.009347081	-0.0005671924	-0.001165304	-0.0004745583
411	0.2255324	-0.1453094	-0.005093098	-0.1544379	-0.07297456	-0.06053376	0.01287042	-0.5980263	-0.173945	0.03012073	-0.1741633	-0.1527331	-0.003847063	0.005151511	-0.01008416	0.00112412	-0.0001445582	8.557487E-05	-0.08032134	0.1655922	-0.240845	-0.005358246	-0.001446404	-0.001064139	0.0001637397	-0.001334374	-0.0007452002	-0.01162377	-0.181299	-0.2038512	0.005596896	0.003651318	-0.007204412	0.00112412	-0.0001445582	8.557487E-05	0.1796506	0.09383029	-0.09567046	-0.0044555	-0.005808084	0.005921572	0.0001637397	-0.001334374	-0.0007452002
414	0.2232462	-0.1446663	-0.005546093	-0.1554223	-0.0720908	-0.06178713	0.0163631	-0.5991466	-0.1757264	0.03547379	-0.1692837	-0.1603882	-0.001547032	0.005083532	-0.009476908	0.001418097	-0.0001254134	0.0002159949	-0.08167694	0.1544551	-0.2113037	-0.004357584	-0.003869092	0.006587209	0.0003729703	-0.001606453	0.001353937	-0.004521161	-0.1727805	-0.2097044	0.005973324	0.004868103	-0.006866603	0.001418097	-0.0001254134	0.0002159949	0.236128	0.1150998	-0.1482527	0.01077772	0.0009613121	-0.008704387	0.0003729703	-0.001606453	0.001353937
418	0.2192467	-0.1417332	-0.005792141	-0.1577868	-0.06721568	-0.062819	0.01569214	-0.5950528	-0.1768289	0.04360597	-0.1656164	-0.1688595	0.0008727709	0.00472948	-0.009225494	0.001668524	-0.000182573	0.0002248497	-0.07969008	0.1727832	-0.2275414	-0.002771473	0.001680213	0.0008809729	0.0006762556	0.000182487	-0.0004111064	0.03364342	-0.1383347	-0.2365596	0.01402114	0.01226253	-0.01186376	0.001668524	-0.000182573	0.0002248497	0.1922163	0.09369218	-0.09260809	-0.002894629	-0.004630917	0.007382868	0.0006762556	0.000182487	-0.0004111064
421	0.2091247	-0.1294649	-0.00766921	-0.1547516	-0.07017493	-0.07207537	0.008317724	-0.5814351	-0.1824374	0.04963547	-0.1607597	-0.1752403	0.002161953	0.004761287	-0.00851432	0.001573688	-0.0001289781	0.000346431	-0.08116957	0.1802676	-0.2159829	-0.002448477	0.003131262	0.003550363	0.0005879404	0.0004996272	0.0003590177	0.02129096	-0.11762	-0.2350202	0.007427738	0.01437558	-0.008512952	0.001573688	-0.0001289781	0.000346431	0.2391177	0.1285619	-0.1292821	0.009554368	0.005244252	-0.003631355	0.0005879404	0.0004996272	0.0003590177
425	0.2035532	-0.1223107	-0.008103848	-0.1408122	-0.07750762	-0.07785392	0.005845308	-0.5732456	-0.1844089	0.05178327	-0.1507697	-0.1797833	0.002158414	0.006068444	-0.007521506	0.001179382	0.0002300559	0.0005080265	-0.06082665	0.1786737	-0.169893	0.003249372	0.001949967	0.01418524	0.001865418	7.939673E-05	0.002927984	0.00377959	-0.08460844	-0.2523932	0.001192962	0.01903457	-0.01072799	0.001179382	0.0002300559	0.0005080265	0.1880066	0.1101478	-0.05252624	-0.00561198	-0.000670353	0.01646546	0.001865418	7.939673E-05	0.002927984
428	0.1849682	-0.1074888	-0.01439238	-0.1422667	-0.06854343	-0.08117843	-0.00112702	-0.5577375	-0.1882856	0.05682133	-0.1034014	-0.2030709	0.002878326	0.01639342	-0.01146301	0.001064514	0.002753786	-0.0006043569	-0.05467026	0.1632185	-0.1437533	0.003976126	-0.002401329	0.01717387	0.001580752	-0.001028276	0.002943144	0.006860226	-0.06597343	-0.2557359	0.00166488	0.01893468	-0.008881646	0.001064514	0.002753786	-0.0006043569	0.1858424	0.1207548	-0.0455873	-0.004750043	0.002148994	0.01408383	0.001580752	-0.001028276	0.002943144
431	0.1790121	-0.09784898	-0.01199865	-0.1224639	-0.08064818	-0.07915807	0.002812058	-0.5520929	-0.1881912	0.06565274	-0.1054183	-0.2065315	0.004366598	0.01179083	-0.009462422	0.001170453	0.0009146924	4.688028E-05	-0.07569721	0.2248994	-0.160326	-0.002274642	0.01361923	0.008737222	-0.0003771281	0.003233933	9.819656E-05	0.008086205	0.0004411936	-0.2585037	0.001555155	0.03080466	-0.007353185	0.001170453	0.0009146924	4.688028E-05	0.2448991	0.1354684	-0.04190969	0.01120165	0.005290149	0.01148227	-0.0003771281	0.003233933	9.819656E-05
434	0.1765847	-0.09512028	-0.01302361	-0.1240439	-0.07981136	-0.08128834	0.00550957	-0.5399944	-0.1872017	0.0718841	-0.09158716	-0.2116385	0.004832787	0.01230092	-0.008373547	0.0009943873	0.0008135404	0.0003073788	-0.0755816	0.2417489	-0.1425984	-0.001677079	0.0144268	0.01098482	-0.0001334553	0.002627341	0.0006355469	0.006323874	0.009232163	-0.2551906	0.0007257834	0.02530124	-0.004686622	0.0009943873	0.0008135404	0.0003073788	0.1804723	0.1217735	-0.01985145	-0.007705461	0.000543884	0.01412627	-0.0001334553	0.002627341	0.0006355469
438	0.1329518	-0.07079127	-0.02571726	-0.1258266	-0.07945058	-0.08536315	0.0003016442	-0.5328746	-0.2025723	0.09605735	-0.07552198	-0.2208824	0.009667903	0.01324198	-0.008591152	0.00195457	0.0008454218	0.000176133	-0.03839303	0.2230475	-0.09460163	0.008039332	0.006144753	0.02023781	0.002329011	-0.0001000052	0.002789906	0.008225054	0.03626963	-0.2634947	0.001019632	0.0257353	-0.005590997	0.00195457	0.0008454218	0.000176133	0.187575	0.1105611	-0.02162552	-0.004003444	-0.002395197	0.01015118	0.002329011	-0.0001000052	0.002789906
441	0.153364	-0.1067072	-0.0420897	-0.1281098	-0.07870445	-0.08796406	0.001792386	-0.531673	-0.2011309	0.09216152	0.01255381	-0.2224033	0.006276971	0.03195043	-0.006823582	0.0006181942	0.005311179	0.0005739923	-0.05391863	0.2032998	-0.05809498	0.002148099	-0.0003283541	0.02430502	0.0002739502	-0.001693281	0.003109233	0.0126678	0.05031911	-0.2497778	0.001875412	0.02281384	-0.0007640133	0.0006181942	0.005311179	0.0005739923	0.1783703	0.1243607	-0.01702332	-0.005303758	0.001653505	0.008763934	0.0002739502	-0.001693281	0.003109233
445	0.154416	-0.1028313	-0.04528141	-0.12995	-0.07931444	-0.08800888	0.005822122	-0.5296681	-0.2021835	0.09867454	0.0156883	-0.2220025	0.006335982	0.02474645	-0.005017491	0.0004783984	0.002182388	0.0008820168	-0.0489308	0.2360265	-0.03781867	0.002858032	0.007935403	0.02329784	0.0003829457	0.0007959788	0.00208013	0.095631	0.1385057	-0.2347732	0.02214736	0.03915704	0.003178149	0.0004783984	0.002182388	0.0008820168	0.2258322	0.1852875	0.009665012	0.00788766	0.01647184	0.01324503	0.0003829457	0.0007959788	0.00208013
448	0.1549587	-0.1045623	-0.043607	-0.129752	-0.07935101	-0.08893013	0.006999314	-0.5305872	-0.2015069	0.1042221	0.02615184	-0.2217305	0.00613889	0.02117572	-0.003695109	0.0003095258	0.0007441088	0.000992108	-0.05005113	0.2421899	-0.02174115	0.001863441	0.007492407	0.02149276	3.856176E-05	0.0004862351	0.001108828	0.02025217	0.09637767	-0.2111638	-0.002234189	0.01883576	0.008285962	0.0003095258	0.0007441088	0.000992108	0.2228118	0.1885288	0.01746988	0.005160647	0.01316421	0.01188499	3.856176E-05	0.0004862351	0.001108828
451	0.155929	-0.1053477	-0.04254031	-0.1293675	-0.07944578	-0.08947515	0.008461177	-0.5304343	-0.2010016	0.1067748	0.03410542	-0.2173719	0.005242319	0.01787019	-0.001681699	8.001662E-06	-0.0002683019	0.001247433	-0.05047356	0.2455103	-0.01045632	0.001291973	0.006449404	0.01894078	-0.0001139458	0.0001039256	0.0001936248	0.02175951	0.1030451	-0.2075164	-0.001298806	0.01579368	0.007126303	8.001662E-06	-0.0002683019	0.001247433	0.1785064	0.1578753	0.01067686	-0.007205861	0.002209771	0.00721549	-0.0001139458	0.0001039256	0.0001936248
455	0.1563928	-0.1058625	-0.04226613	-0.1289725	-0.08024594	-0.08961535	0.008797884	-0.5298826	-0.202121	0.1077858	0.05259955	-0.2141571	0.00418451	0.01802617	-0.0004575655	-0.0002584511	-0.0001622301	0.001241609	-0.05028559	0.2381297	-0.001470089	0.001015972	0.002991894	0.01645214	-0.0001544595	-0.0007864332	-0.0004769402	0.02982014	0.1262756	-0.1948688	0.001041054	0.01765288	0.008506635	-0.0002584511	-0.0001622301	0.001241609	0.1728816	0.1494064	0.01277161	-0.006810603	-0.0004599029	0.005935304	-0.0001544595	-0.0007864332	-0.0004769402
458	0.1567041	-0.1060187	-0.04223824	-0.1286701	-0.07905108	-0.09002972	0.008052006	-0.5321147	-0.2060015	0.1092907	0.07631418	-0.2169137	0.003514592	0.01944829	-0.001032323	-0.0003613177	0.0002338561	0.000787517	-0.04992934	0.2219845	0.01348662	0.0008510435	-0.001792372	0.01607828	-0.0001570768	-0.001785891	-0.0004511694	0.02924523	0.1324559	-0.1903267	0.0006370613	0.01478475	0.007515504	-0.0003613177	0.0002338561	0.000787517	0.1767911	0.1582824	0.03054428	-0.004130566	0.001874079	0.008894647	-0.0001570768	-0.001785891	-0.0004511694
461	0.1575412	-0.1064704	-0.04204679	-0.1280605	-0.07887241	-0.09012127	0.008764207	-0.531195	-0.2069299	0.1087897	0.0846335	-0.2142322	0.002510709	0.01666604	-0.0001038689	-0.000521959	-0.0005201685	0.0008227513	-0.04660971	0.2135901	0.01532388	0.001468189	-0.003442869	0.01251803	3.64787E-05	-0.001752043	-0.001228442	0.03770381	0.1595483	-0.1890645	0.002592442	0.01786164	0.005952175	-0.000521959	-0.0005201685	0.0008227513	0.1705011	0.1467463	0.05513024	-0.004670433	-0.001478456	0.01281748	3.64787E-05	-0.001752043	-0.001228442
465	0.1543092	-0.09731999	-0.0431006	-0.1270832	-0.0836747	-0.09066606	0.009846956	-0.5337666	-0.2091968	0.111579	0.09683493	-0.2083819	0.002580348	0.01554989	0.001384677	-0.0003740594	-0.0006691648	0.0009892	-0.0537129	0.2414742	0.06192446	-0.0006746568	0.00438885	0.02103866	-0.0005083524	0.0006438976	0.001208828	0.03701147	0.1650075	-0.1861396	0.001771247	0.01476104	0.005195361	-0.0003740594	-0.0006691648	0.0009892	0.1684069	0.1444707	0.06250286	-0.004026373	-0.001677753	0.01145626	-0.0005083524	0.0006438976	0.001208828
468	0.1560024	-0.1081635	-0.04947805	-0.1262746	-0.09212309	-0.09720516	0.01072808	-0.5412613	-0.2172852	0.1096572	0.1080118	-0.2064385	0.001454816	0.01445665	0.001524345	-0.0005619276	-0.0007751847	0.000776817	-0.05231933	0.2301728	0.05996346	-0.0001575988	0.0004663025	0.01528875	-0.0002519998	-0.0004977136	-0.0005308574	0.03430942	0.1718685	-0.18186	0.000652921	0.01278603	0.004966424	-0.0005619276	-0.0007751847	0.000776817	0.1526577	0.1390119	0.04949474	-0.00695708	-0.002623008	0.005340166	-0.0002519998	-0.0004977136	-0.0005308574
471	0.1605845	-0.13053	-0.0639708	-0.1218445	-0.1128002	-0.1112955	0.01511453	-0.5572885	-0.2339756	0.1078925	0.1170982	-0.201812	0.0006499428	0.01311408	0.002299887	-0.0006226641	-0.0009170306	0.0007764982	-0.05054308	0.2209684	0.06046271	0.0003258639	-0.001951385	0.01159137	-6.813415E-05	-0.0009777071	-0.001322487	0.03442031	0.1861605	-0.1688619	0.0005174144	0.01316252	0.006974344	-0.0006226641	-0.0009170306	0.0007764982	0.1609801	0.1303121	0.04803276	-0.003137206	-0.004142215	0.003639629	-6.813415E-05	-0.0009777071	-0.001322487
475	0.1574649	-0.07579821	-0.06283045	-0.1209475	-0.08595413	-0.1005142	0.01334821	-0.5321224	-0.2302229	0.1075439	0.07305491	-0.2013161	0.0004002965	-0.001175268	0.001848893	-0.0005294096	-0.004260109	0.0004696251	-0.04977183	0.2107777	0.0580759	0.0004372105	-0.004011205	0.008096829	-2.326395E-05	-0.001248235	-0.001865502	0.0262019	0.1644897	-0.1740851	-0.001666541	0.004454206	0.00392494	-0.0005294096	-0.004260109	0.0004696251	0.1606901	0.1276922	0.05394959	-0.002425402	-0.003761627	0.00420893	-2.326395E-05	-0.001248235	-0.001865502
478	0.146482	-0.1071945	-0.08421731	-0.1316374	-0.1156216	-0.1178696	0.002292797	-0.5652436	-0.2517793	0.1066802	0.08129156	-0.1959584	8.428964E-05	0.001177711	0.002726105	-0.0004760589	-0.002606837	0.0005715219	-0.05153647	0.1979463	0.06570339	-0.000113254	-0.006216251	0.007979494	-0.0001550641	-0.001487438	-0.00142846	0.02280262	0.1720783	-0.1646283	-0.002099726	0.005237781	0.005307923	-0.0004760589	-0.002606837	0.0005715219	0.1594859	0.1038897	0.08903384	-0.002120111	-0.00877185	0.01192776	-0.0001550641	-0.001487438	-0.00142846
481	0.1463994	-0.1059214	-0.08553457	-0.1316178	-0.1137148	-0.1158128	0.002042636	-0.5654547	-0.2529318	0.1064551	0.0852288	-0.1936209	6.959759E-06	0.001867594	0.002628943	-0.0003763767	-0.001782657	0.0004043509	-0.08458762	0.1843305	0.1526952	-0.008347726	-0.008066135	0.02773257	-0.002174916	-0.00157805	0.003866923	0.01335377	0.1676213	-0.1535246	-0.003937009	0.002814101	0.00675685	-0.0003763767	-0.001782657	0.0004043509	0.1680414	0.1034687	0.07548118	0.0005487998	-0.006684134	0.005557653	-0.002174916	-0.00157805	0.003866923
484	0.1455951	-0.1061842	-0.08753824	-0.1324093	-0.1140951	-0.1148255	0.00288637	-0.5540393	-0.2513781	0.1047349	0.08952725	-0.1876967	-0.0004248463	0.002475308	0.003452763	-0.000390234	-0.001185064	0.0005092183	-0.08696938	0.1704139	0.1582472	-0.006856234	-0.009528754	0.02218744	-0.001258314	-0.001549192	0.00151391	0.01014501	0.1705211	-0.1500087	-0.003754946	0.002835532	0.005946627	-0.000390234	-0.001185064	0.0005092183	0.1734851	0.09271079	0.07756019	0.001772534	-0.007702582	0.004687992	-0.001258314	-0.001549192	0.00151391
488	0.1455379	-0.1054295	-0.08931398	-0.1330037	-0.1135551	-0.1139851	0.003181323	-0.5516906	-0.2523053	0.1101637	0.1212574	-0.2095072	0.001038559	0.00978901	-0.00286306	7.317588E-05	0.0009396272	-0.001197042	-0.1051833	0.1326888	0.1853197	-0.009695656	-0.01657784	0.02340868	-0.001653591	-0.002924165	0.001440744	0.01047003	0.171933	-0.1480658	-0.002734953	0.002479613	0.004945688	7.317588E-05	0.0009396272	-0.001197042	0.1756937	0.08713484	0.07907009	0.001881537	-0.007170925	0.00389347	-0.001653591	-0.002924165	0.001440744
491	0.1461658	-0.1050178	-0.09037423	-0.1340791	-0.1127569	-0.1124237	0.003808364	-0.5487683	-0.2532566	0.1064186	0.1156501	-0.1968231	-0.0001573373	0.005939931	0.001023732	-0.0002440922	-0.0002575493	7.391634E-05	-0.1022729	0.0964905	0.1476934	-0.006544133	-0.02148296	0.008149948	-0.0004523124	-0.003419403	-0.002734126	0.006969631	0.1738703	-0.145577	-0.002926315	0.002344027	0.004331479	-0.0002440922	-0.0002575493	7.391634E-05	0.1792439	0.08011687	0.07909942	0.002298707	-0.007132686	0.002927434	-0.0004523124	-0.003419403	-0.002734126
495	0.1467612	-0.104093	-0.09121752	-0.135218	-0.1111292	-0.1104853	0.004096031	-0.5477189	-0.2537653	0.1073065	0.1195831	-0.201386	0.0001039573	0.005438201	-0.0003729149	-0.0001177455	-0.0003185944	-0.0002937244	-0.2065111	0.1032816	0.1436114	-0.03096765	-0.01441444	0.00509197	-0.006445113	-0.0007974231	-0.002815089	0.00673455	0.1737763	-0.1456501	-0.002253507	0.001734536	0.003230311	-0.0001177455	-0.0003185944	-0.0002937244	0.1834718	0.0819239	0.06880879	0.002780999	-0.004897756	-0.0003770802	-0.006445113	-0.0007974231	-0.002815089
498	0.1471905	-0.1036437	-0.09245801	-0.1359246	-0.1104005	-0.1096182	0.004059419	-0.5458426	-0.2549019	0.1067119	0.119387	-0.2008758	-7.066367E-05	0.004029626	-0.0001521323	-0.0001319644	-0.0005910896	-0.0001650976	-0.2069187	0.1031798	0.1433423	-0.02332766	-0.0108363	0.003751684	-0.002923836	0.0002964685	-0.002446388	0.005351633	0.174736	-0.1442907	-0.00203586	0.001540826	0.002762599	-0.0001319644	-0.0005910896	-0.0001650976	0.1861235	0.07933301	0.06555796	0.002748676	-0.004321041	-0.001095519	-0.002923836	0.0002964685	-0.002446388
501	0.1477091	-0.1023424	-0.09400177	-0.1360822	-0.1099017	-0.1091163	0.00708428	-0.5312433	-0.2522786	0.1021713	0.1258238	-0.2015886	-0.001188163	0.004631426	-0.0002923171	-0.000378348	-0.0002928673	-0.0001588694	-0.2037548	0.09778434	0.1411448	-0.01670477	-0.009476075	0.002264387	-0.0005371547	0.0005624066	-0.002206615	0.0007991195	0.1766622	-0.1414866	-0.002665023	0.001637165	0.002772959	-0.000378348	-0.0002928673	-0.0001588694	0.1887102	0.07707047	0.06182742	0.002708188	-0.003806414	-0.001754273	-0.0005371547	0.0005624066	-0.002206615
504	0.1467902	-0.1039519	-0.09631133	-0.1385123	-0.1107895	-0.1090248	0.005376726	-0.5338691	-0.254385	0.09959653	0.1290156	-0.2024689	-0.001534809	0.004271511	-0.0004392982	-0.0003704227	-0.000309629	-0.0001558973	-0.2047944	0.09866732	0.146323	-0.01278846	-0.00688631	0.002992843	0.000576211	0.001069246	-0.001472848	-0.002541095	0.1778939	-0.1395035	-0.002833821	0.001535791	0.002575511	-0.0003704227	-0.000309629	-0.0001558973	0.1868279	0.08239734	0.06046247	0.001560562	-0.001523093	-0.001656942	0.000576211	0.001069246	-0.001472848
508	0.1457196	-0.104904	-0.09939623	-0.1404007	-0.112326	-0.110002	0.00465554	-0.5322619	-0.2552042	0.09296303	0.137603	-0.2023568	-0.002809481	0.005350489	-0.0003014595	-0.000596485	3.752255E-05	-8.246333E-05	-0.2014562	0.1098734	0.1447802	-0.008756792	-0.00236321	0.001858931	0.001440075	0.00193271	-0.001388114	-0.004921019	0.1804531	-0.1353915	-0.002720347	0.001791655	0.002959635	-0.000596485	3.752255E-05	-8.246333E-05	0.1778372	0.09617025	0.0645628	-0.001077258	0.002300906	-0.0002176255	0.001440075	0.00193271	-0.001388114
511	0.1449782	-0.1000142	-0.09970546	-0.1425431	-0.1087931	-0.1086714	0.003449604	-0.53104	-0.2544816	0.08692876	0.1413051	-0.1985838	-0.00361568	0.004938407	0.0007171489	-0.0006489134	-7.487843E-05	0.0001928046	-0.1966523	0.1211859	0.1458251	-0.005366635	0.001055714	0.001655445	0.001927595	0.002304263	-0.001091957	-0.007515311	0.1835555	-0.1300662	-0.002688833	0.002119347	0.003551055	-0.0006489134	-7.487843E-05	0.0001928046	0.1754635	0.1031972	0.06034446	-0.001401349	0.003482407	-0.001217804	0.001927595	0.002304263	-0.001091957
515	0.1442063	-0.09771752	-0.1019213	-0.1449081	-0.10729	-0.1088185	-0.0001189709	-0.5485343	-0.2668762	0.08048917	0.1506771	-0.1897922	-0.004321655	0.00604679	0.002735783	-0.0006631789	0.0002209368	0.0006492619	-0.1445006	0.1409504	0.1939692	0.009012962	0.005732921	0.01327761	0.005040595	0.002897499	0.002086573	-0.01114047	0.1894043	-0.124872	-0.002922914	0.003051701	0.003961838	-0.0006631789	0.0002209368	0.0006492619	0.1667877	0.1145369	0.06252551	-0.003219984	0.005446737	-0.0003680898	0.005040595	0.002897499	0.002086573
518	0.1514749	-0.0811671	-0.1098306	-0.1434083	-0.1040815	-0.1081066	0.0009088814	-0.5496426	-0.2684886	0.06182514	0.1507186	-0.1596148	-0.007907251	0.004545463	0.009596176	-0.001393783	-0.000209629	0.002202045	-0.1328367	0.1845648	0.1647937	0.009675682	0.01520329	0.002664327	0.003946126	0.004540716	-0.001088391	-0.01515087	0.1905441	-0.1182303	-0.003194788	0.002573731	0.004631785	-0.001393783	-0.000209629	0.002202045	0.1663753	0.1353981	0.06076956	-0.002518082	0.00930037	-0.0007150556	0.003946126	0.004540716	-0.001088391
521	0.1787371	-0.04870707	-0.1169708	-0.123542	-0.05062222	-0.09684134	0.02116323	-0.5365388	-0.2683692	0.05560513	0.2003681	-0.1537604	-0.00748544	0.01582148	0.008660724	-0.0009398847	0.002661783	0.001417671	-0.01759417	0.2393823	0.1169848	0.0360674	0.02510682	-0.009953977	0.009557525	0.005881421	-0.003970869	-0.01940241	0.1783908	-0.1360171	-0.003458976	-0.001108034	-0.0009728465	-0.0009398847	0.002661783	0.001417671	0.1734762	0.1315107	0.07776523	-0.0001133337	0.006003424	0.003712625	0.009557525	0.005881421	-0.003970869
524	0.1799402	-0.0522297	-0.1068227	-0.1213868	-0.04946238	-0.08847809	0.0233274	-0.5355577	-0.2601953	0.0490082	0.2272668	-0.1358726	-0.007263313	0.0185908	0.0109675	-0.0006493817	0.002688666	0.001639947	0.02497624	0.2095093	0.00596571	0.03769315	0.01136187	-0.03522027	0.007574582	0.000974826	-0.009294724	-0.01954734	0.1821749	-0.1298447	-0.002630464	0.0001149898	0.0008134698	-0.0006493817	0.002688666	0.001639947	0.1769077	0.1694705	0.08391023	0.0007728819	0.01399252	0.004320719	0.007574582	0.000974826	-0.009294724
528	0.1782317	-0.05563009	-0.1128623	-0.1260164	-0.04857743	-0.09049702	0.02060531	-0.5421429	-0.2651405	0.0489444	0.2693954	-0.1041493	-0.005463435	0.02447524	0.01615644	-3.706681E-05	0.00348761	0.002527195	0.03631124	0.2852169	0.003503561	0.03110361	0.02744832	-0.02703074	0.004033552	0.004752732	-0.004923661	-0.014947	0.1830048	-0.1290319	-0.0008227613	0.0002937261	0.0008132946	-3.706681E-05	0.00348761	0.002527195	0.1715366	0.1646432	0.07759738	-0.000763112	0.00928756	0.001662328	0.004033552	0.004752732	-0.004923661
531	0.1875196	-0.03488916	-0.09397244	-0.1169805	-0.02805859	-0.070786	0.03071903	-0.5245491	-0.2469769	0.0540959	0.2775751	-0.0869596	-0.0028097	0.02040136	0.01641477	0.0006356338	0.001597238	0.001959978	0.03472417	0.2560191	-0.05131912	0.02293094	0.01328677	-0.03397872	0.0009819961	2.416223E-05	-0.005429742	-0.000225395	0.1902261	-0.1171961	0.003063329	0.00202563	0.003568924	0.0006356338	0.001597238	0.001959978	0.1520838	0.1689329	0.0649426	-0.005435529	0.008038092	-0.00191695	0.0009819961	2.416223E-05	-0.005429742
534	0.1739977	-0.0500322	-0.1029258	-0.1278667	-0.042445	-0.08076358	0.01759388	-0.5364933	-0.2556086	0.05125091	0.2820697	-0.06631708	-0.002818523	0.01642466	0.0174717	0.0004745195	0.0002037527	0.001734218	0.03371692	0.2162363	-0.05497003	0.0169464	1.938641E-05	-0.02639677	-0.0007596401	-0.003298724	-0.002176818	-0.00221771	0.1905289	-0.1164517	0.001799418	0.001594905	0.002862779	0.0004745195	0.0002037527	0.001734218	0.1510945	0.1873499	0.07679558	-0.004323984	0.01063282	0.001525533	-0.0007596401	-0.003298724	-0.002176818
538	0.17119	-0.05316263	-0.0999198	-0.1276275	-0.04252994	-0.08040547	0.01740676	-0.535466	-0.2547383	0.0523029	0.2820014	-0.06584859	-0.001850894	0.01230142	0.0132209	0.0005977969	-0.0008779957	0.0002379628	0.03513427	0.2192107	-0.05648375	0.01306414	0.0007581376	-0.02017601	-0.001540295	-0.002289355	-7.742306E-05	-0.002732426	0.1927965	-0.1117697	0.001220885	0.001763079	0.0033176	0.0005977969	-0.0008779957	0.0002379628	0.1499057	0.1957681	0.07882857	-0.003540199	0.01007915	0.001652398	-0.001540295	-0.002289355	-7.742306E-05
541	0.1698104	-0.04501551	-0.09475183	-0.127513	-0.0369826	-0.07715058	0.0177197	-0.5282203	-0.2508676	0.05386119	0.2814924	-0.06720972	-0.0009985984	0.009098822	0.009575393	0.0006614216	-0.001459145	-0.000732905	0.04026931	0.249816	-0.05549288	0.01108186	0.008219932	-0.01488429	-0.00165079	0.0001484322	0.001264862	-0.002992809	0.1967364	-0.1084993	0.0008505678	0.002307291	0.003305797	0.0006614216	-0.001459145	-0.000732905	0.1497439	0.2001435	0.07851911	-0.002695591	0.008653212	0.001161932	-0.00165079	0.0001484322	0.001264862
544	0.1697142	-0.04014826	-0.09077239	-0.1275813	-0.03235304	-0.07344413	0.01778413	-0.522248	-0.246664	0.05388942	0.2815136	-0.06710219	-0.0007418921	0.006829407	0.007208426	0.0005602427	-0.001661713	-0.00114142	0.0397836	0.2525154	-0.05563235	0.00818997	0.006839808	-0.01119808	-0.001961065	-0.0002337069	0.001870197	-0.003683716	0.2022624	-0.1055698	0.0004651991	0.00311197	0.00321171	0.0005602427	-0.001661713	-0.00114142	0.1499211	0.2021203	0.07886958	-0.001977388	0.006984121	0.0009590678	-0.001961065	-0.0002337069	0.001870197
548	0.1695577	-0.03796113	-0.08901	-0.1276106	-0.03052449	-0.07189846	0.0179356	-0.5192024	-0.2447515	0.05392694	0.2815962	-0.0665946	-0.000547037	0.005142708	0.005533218	0.0004688959	-0.001667959	-0.001274867	0.03745203	0.2585767	-0.05399442	0.005559584	0.00664517	-0.00798908	-0.002128395	-0.0002239397	0.002204899	-0.003524721	0.2058273	-0.1040862	0.0003886481	0.003225201	0.002779702	0.0004688959	-0.001667959	-0.001274867	0.1484375	0.2028182	0.0776937	-0.001853935	0.005412553	0.0004253308	-0.002128395	-0.0002239397	0.002204899
551	0.1694998	-0.03736258	-0.08860254	-0.1278244	-0.03041452	-0.07172298	0.01798385	-0.5151186	-0.2432058	0.0532396	0.2819048	-0.06546879	-0.0005821151	0.003934189	0.004431367	0.0003429023	-0.001553099	-0.001231613	0.03697108	0.2598659	-0.05532742	0.00404945	0.00530619	-0.00632506	-0.00197383	-0.0005026998	0.00206968	-0.002919048	0.2087243	-0.1025808	0.0004429042	0.003143142	0.00246112	0.0003429023	-0.001553099	-0.001231613	0.1458386	0.2034658	0.07168221	-0.002040175	0.004221331	-0.001183874	-0.00197383	-0.0005026998	0.00206968
554	0.1693053	-0.03687507	-0.08810878	-0.1280232	-0.03007233	-0.07161617	0.01801656	-0.514315	-0.2427535	0.05194732	0.2823936	-0.0638361	-0.0007596547	0.003072831	0.003731698	0.0002127919	-0.001380164	-0.001098627	0.03609104	0.2609279	-0.05565667	0.002817078	0.004245136	-0.004826109	-0.001788466	-0.0006422882	0.001926997	-0.001843393	0.2120013	-0.1017103	0.000601092	0.003176607	0.002063457	0.0002127919	-0.001380164	-0.001098627	0.1453737	0.2036464	0.07137394	-0.001646368	0.003211149	-0.0009649739	-0.001788466	-0.0006422882	0.001926997
558	0.168503	-0.02996731	-0.08674717	-0.1297415	-0.02085811	-0.07010794	0.01362386	-0.5094715	-0.2387652	0.04904007	0.2823973	-0.06324267	-0.001296554	0.002305562	0.002947129	2.53692E-05	-0.00122694	-0.001020113	0.03171491	0.2586042	-0.05260324	0.001018776	0.002602916	-0.002856225	-0.001790925	-0.0008922713	0.001937719	-0.002729505	0.204249	-0.1017687	0.0002292909	0.0004443806	0.00153299	2.53692E-05	-0.00122694	-0.001020113	0.1439199	0.2025089	0.07013559	-0.00159823	0.002123973	-0.001033317	-0.001790925	-0.0008922713	0.001937719
561	0.1672183	-0.0292486	-0.08371925	-0.1326205	-0.01872629	-0.06661963	0.01160479	-0.5076874	-0.2348669	0.04672432	0.28145	-0.0615232	-0.001551352	0.001492333	0.002640216	-4.467277E-05	-0.001123513	-0.0008418128	0.02923477	0.2636997	-0.05229712	0.0001440463	0.003226072	-0.002065636	-0.001561876	-0.0005134144	0.001650936	-0.0005654097	0.2029376	-0.102828	0.000712992	5.444977E-06	0.0008849187	-4.467277E-05	-0.001123513	-0.0008418128	0.1433647	0.2021889	0.0688858	-0.001337462	0.00151299	-0.001087435	-0.001561876	-0.0005134144	0.001650936
565	0.1679293	-0.03264713	-0.08424449	-0.1313558	-0.02263892	-0.06778026	0.01292874	-0.5099634	-0.2360022	0.04585026	0.282773	-0.06069732	-0.001382029	0.001449996	0.002186632	8.826129E-06	-0.0008532186	-0.0007447555	0.02727974	0.2674358	-0.05124784	-0.0003807229	0.003353589	-0.001286907	-0.001302599	-0.0003531816	0.001432885	-6.347895E-05	0.2046177	-0.1028137	0.0006602267	0.0004241028	0.0006672653	8.826129E-06	-0.0008532186	-0.0007447555	0.1434353	0.2026798	0.06769013	-0.0009854499	0.001257469	-0.001114494	-0.001302599	-0.0003531816	0.001432885
568	0.1679771	-0.03246278	-0.0836916	-0.1311055	-0.0249114	-0.06856585	0.01351736	-0.5091508	-0.2359698	0.04422276	0.28424	-0.05927968	-0.001443398	0.001454259	0.001994384	-8.722604E-06	-0.0006388481	-0.0006066288	0.02745611	0.2694729	-0.05159235	-0.0002414492	0.003024454	-0.001051309	-0.000942131	-0.00034717	0.001133563	0.001315802	0.2083981	-0.1030397	0.0008399903	0.001263183	0.0004439438	-8.722604E-06	-0.0006388481	-0.0006066288	0.1427115	0.2015147	0.06767082	-0.0009200397	0.0006518285	-0.0008406983	-0.000942131	-0.00034717	0.001133563
571	0.1638585	-0.03067833	-0.08213186	-0.1338092	-0.01816237	-0.06530118	0.009134829	-0.5058683	-0.2336709	0.04294692	0.2844929	-0.05876184	-0.001401509	0.00115392	0.001625249	3.930362E-06	-0.0005542209	-0.0005472553	0.02647346	0.2708985	-0.05201745	-0.0004267498	0.002624746	-0.000894757	-0.0007529234	-0.0003603043	0.0008893103	-2.264977E-05	0.2028024	-0.1057911	0.0002953797	-0.0004515336	-0.0003548798	3.930362E-06	-0.0005542209	-0.0005472553	0.1422523	0.200166	0.06355214	-0.0008048171	0.0001517028	-0.001660194	-0.0007529234	-0.0003603043	0.0008893103
575	0.1650559	-0.02814537	-0.08119392	-0.1327446	-0.01464903	-0.06478405	0.00988017	-0.5020174	-0.2323263	0.04162171	0.2830209	-0.05872893	-0.001382432	0.0004974408	0.001227162	7.717016E-06	-0.0005797854	-0.0005099631	0.02582595	0.2716357	-0.05193257	-0.0004819388	0.002152842	-0.0006498485	-0.0005784898	-0.0003882042	0.0007282099	-0.0005359054	0.1999743	-0.1068959	9.322089E-05	-0.00104568	-0.0005423678	7.717016E-06	-0.0005797854	-0.0005099631	0.1423091	0.1992458	0.06310415	-0.0005894195	-0.0001162819	-0.001357143	-0.0005784898	-0.0003882042	0.0007282099
578	0.165371	-0.04650491	-0.07881069	-0.1334378	-0.03505945	-0.0635283	0.01002243	-0.5211899	-0.2301188	0.04054509	0.2822331	-0.05895519	-0.00130598	0.000176132	0.0008638068	2.490077E-05	-0.0005151663	-0.0004733112	0.02567292	0.2724054	-0.05223727	-0.0003997119	0.00180708	-0.0005635612	-0.0004133106	-0.0003775937	0.0005677292	0.0001645088	0.2010894	-0.1077302	0.0002450192	-0.0005054894	-0.0006153325	2.490077E-05	-0.0005151663	-0.0004733112	0.1424632	0.198104	0.0634141	-0.0004035414	-0.0003726581	-0.0009403708	-0.0004133106	-0.0003775937	0.0005677292
581	0.1615684	-0.05027574	-0.08065748	-0.1373281	-0.03873825	-0.06540108	0.006651223	-0.5233403	-0.2319982	0.04003831	0.2826949	-0.05877209	-0.00110618	0.0002475383	0.0006936314	6.862549E-05	-0.0003685232	-0.0003975272	0.0253507	0.2725402	-0.05221725	-0.0003803377	0.001389002	-0.0004176641	-0.0003051394	-0.0003877149	0.0004622712	0.0004906654	0.2006767	-0.1094029	0.0002653036	-0.0004822778	-0.0008796855	6.862549E-05	-0.0003685232	-0.0003975272	0.1426358	0.1965744	0.06202936	-0.0002595097	-0.0006619021	-0.001051462	-0.0003051394	-0.0003877149	0.0004622712
584	0.1638266	-0.05359101	-0.0803833	-0.1351515	-0.0421055	-0.06513119	0.008652747	-0.5258083	-0.2314157	0.03975376	0.2825475	-0.05859184	-0.0009007733	0.0001488031	0.0005652847	0.0001028208	-0.0003010762	-0.0003302321	0.02522966	0.272652	-0.05274391	-0.0003155143	0.001069691	-0.0004449147	-0.0002126487	-0.0003706139	0.0003398907	0.001328439	0.2007585	-0.1111734	0.000408421	-0.0003412789	-0.001102388	0.0001028208	-0.0003010762	-0.0003302321	0.1420973	0.194918	0.06212974	-0.0003292643	-0.0009105149	-0.0007635029	-0.0002126487	-0.0003706139	0.0003398907
588	0.163298	-0.05481762	-0.08080459	-0.13545	-0.04664391	-0.06690812	0.008855551	-0.52686	-0.2319491	0.03982416	0.2817114	-0.05861139	-0.0006579789	-9.741624E-05	0.000419076	0.0001378142	-0.000287362	-0.0002842263	0.02503684	0.2729107	-0.05258489	-0.000284841	0.0008669542	-0.0002939297	-0.0001518182	-0.0003286446	0.0002926643	0.001746863	0.2032248	-0.1116552	0.0004109219	0.000360636	-0.0009472521	0.0001378142	-0.000287362	-0.0002842263	0.1417639	0.1942555	0.06290531	-0.0003302792	-0.0008485275	-0.0003787333	-0.0001518182	-0.0003286446	0.0002926643
591	0.1713604	-0.0320788	-0.07767534	-0.1341228	-0.04880989	-0.06606174	0.01099907	-0.524908	-0.2300267	0.03324809	0.2589188	-0.06005096	-0.002137502	-0.005771207	-4.558588E-05	-0.0002665201	-0.001633969	-0.0003293352	0.02444132	0.2734936	-0.05202508	-0.0003625115	0.0007959341	-8.049561E-05	-0.0001332813	-0.0002642385	0.0002728568	0.002301693	0.2047923	-0.1120198	0.0004468989	0.0006623478	-0.0008015746	-0.0002665201	-0.001633969	-0.0003293352	0.141554	0.1941744	0.06338024	-0.0003001839	-0.0006566612	-0.0001653175	-0.0001332813	-0.0002642385	0.0002728568
594	0.1701426	-0.03592426	-0.07765627	-0.1332088	-0.04745746	-0.06683087	0.01137267	-0.5243988	-0.2296746	0.03483618	0.2626957	-0.05963755	-0.001206105	-0.003384193	6.916504E-05	3.295926E-05	-0.0006287233	-0.0002183136	0.02397004	0.2746413	-0.05159259	-0.0003897024	0.0008838724	4.775112E-05	-0.0001067587	-0.0001761943	0.0002367042	0.00256303	0.2029449	-0.1131094	0.0004005083	3.491424E-05	-0.0008735742	3.295926E-05	-0.0006287233	-0.0002183136	0.1411586	0.1936113	0.06311202	-0.0003240034	-0.0006332821	-0.0001910433	-0.0001067587	-0.0001761943	0.0002367042
598	0.1701226	-0.03614563	-0.07802486	-0.1329059	-0.04825437	-0.06704473	0.0111078	-0.5243329	-0.2291245	0.03487863	0.2607217	-0.05861926	-0.0008939662	-0.003031641	0.0003064452	0.0001027541	-0.0003834045	-0.0001044152	0.02335047	0.2758754	-0.05022025	-0.0004471707	0.0009714478	0.0003788977	-9.443607E-05	-0.0001102519	0.0002603148	0.002713531	0.2020974	-0.1141455	0.0003380066	-0.0001857088	-0.0009142224	0.0001027541	-0.0003834045	-0.0001044152	0.140898	0.1925195	0.06156301	-0.0003081392	-0.0007478912	-0.0005305339	-9.443607E-05	-0.0001102519	0.0002603148
601	0.1684846	-0.04086912	-0.07794595	-0.1323685	-0.04835021	-0.06710839	0.01108128	-0.5243599	-0.2289283	0.03718506	0.2850038	-0.05913448	-9.386579E-05	0.003796808	0.0001010283	0.0002770906	0.001419559	-0.0001296656	0.02224826	0.258339	-0.04686022	-0.0006109293	-0.003655515	0.001124182	-0.0001117667	-0.001239429	0.0003815571	0.003004134	0.2023882	-0.1155379	0.0003261556	-6.657885E-05	-0.001033758	0.0002770906	0.001419559	-0.0001296656	0.1402956	0.1920964	0.06146121	-0.0003817142	-0.0006667018	-0.0004233516	-0.0001117667	-0.001239429	0.0003815571
604	0.1714998	-0.03734052	-0.07842112	-0.1298792	-0.04974085	-0.06871271	0.01396468	-0.520856	-0.2298906	0.03756376	0.2646376	-0.0560894	2.427518E-05	-0.002243942	0.0008370418	0.0002373532	-0.0004455183	8.675415E-05	0.02129149	0.2791468	-0.04875159	-0.0006973885	0.0024603	0.0003702925	-0.0001054398	0.0005993816	9.769558E-05	0.004680395	0.2063302	-0.1166894	0.0006636821	0.000935584	-0.001063209	0.0002373532	-0.0004455183	8.675415E-05	0.1381694	0.1910835	0.05959225	-0.0008178436	-0.0007532567	-0.0007847545	-0.0001054398	0.0005993816	9.769558E-05
608	0.1709636	-0.04243243	-0.07591915	-0.1293196	-0.05332947	-0.06743217	0.01358403	-0.5246227	-0.2276621	0.03794665	0.2843912	-0.06288743	0.0001139277	0.003255423	-0.001071726	0.0002004281	0.001040702	-0.0004121263	0.02096252	0.2596316	-0.0418036	-0.0006052851	-0.003033564	0.002014718	-5.605402E-05	-0.0009239299	0.0004843781	0.0047203	0.2048066	-0.1174989	0.0005077379	0.0003207845	-0.0009997644	0.0002004281	0.001040702	-0.0004121263	0.1375472	0.1910095	0.0606339	-0.0007689135	-0.0005834497	-0.0003281532	-5.605402E-05	-0.0009239299	0.0004843781
611	0.1757898	-0.03472447	-0.07161736	-0.1270213	-0.05352598	-0.0651834	0.01575902	-0.5244757	-0.2244282	0.04167221	0.2610711	-0.05857754	0.001016836	-0.003388438	0.0002736787	0.0003760482	-0.0008804384	2.725644E-05	0.01446602	0.2750831	-0.04656243	-0.002078088	0.001587699	0.0003213298	-0.0004102413	0.0004623685	-6.00635E-05	0.005560964	0.2045888	-0.1185381	0.0005909693	0.0001861246	-0.00100964	0.0003760482	-0.0008804384	2.725644E-05	0.1367563	0.1899858	0.06076956	-0.0007744161	-0.0006934998	-0.0002121999	-0.0004102413	0.0004623685	-6.00635E-05
614	0.1758912	-0.03561968	-0.07027745	-0.1269214	-0.05381799	-0.06485033	0.01550101	-0.5241345	-0.2236121	0.04163502	0.2612635	-0.05945921	0.0007533299	-0.002493227	-1.515896E-05	0.0002161595	-0.0004365261	-5.176709E-05	0.01444998	0.2751197	-0.04640555	-0.001562576	0.001199909	0.0002802172	-0.0001788028	0.0002498288	-5.532577E-05	0.006561816	0.2043985	-0.1201253	0.0006934399	9.202897E-05	-0.001154018	0.0002161595	-0.0004365261	-5.176709E-05	0.1309919	0.1814114	0.05285478	-0.002021915	-0.002663731	-0.002137845	-0.0001788028	0.0002498288	-5.532577E-05
618	0.176551	-0.03296065	-0.06942797	-0.1267247	-0.05503136	-0.06523371	0.01560134	-0.5236223	-0.2225785	0.04196256	0.2566276	-0.06129932	0.000646883	-0.003028903	-0.0004713979	0.0001355079	-0.0004613136	-0.000152885	0.01382077	0.2779038	-0.04425025	-0.001329236	0.001595965	0.0007489889	-7.576717E-05	0.0002863856	7.569859E-05	0.007314235	0.2050984	-0.1217897	0.0007081847	0.0002439912	-0.001281614	0.0001355079	-0.0004613136	-0.000152885	0.1310988	0.1818398	0.05560732	-0.001489711	-0.001890689	-0.0009152484	-7.576717E-05	0.0002863856	7.569859E-05
621	0.1762523	-0.03664309	-0.06845737	-0.1261651	-0.0562461	-0.06561422	0.01587848	-0.5245669	-0.2222905	0.04417393	0.2577757	-0.06623316	0.001038004	-0.001984651	-0.001587007	0.0001994111	-8.492218E-05	-0.000393566	0.01257206	0.2795517	-0.04008865	-0.001309103	0.001608961	0.001602141	-5.179216E-05	0.0002180382	0.0002700619	0.007752776	0.2052169	-0.1226153	0.0006407738	0.0002126169	-0.001167621	0.0001994111	-8.492218E-05	-0.000393566	0.129407	0.1786542	0.05445576	-0.001540234	-0.002214424	-0.0009743267	-5.179216E-05	0.0002180382	0.0002700619
624	0.1770604	-0.03645533	-0.06885338	-0.1261026	-0.06068057	-0.06658578	0.0165105	-0.5238308	-0.2225573	0.04734908	0.2522035	-0.07184386	0.00157229	-0.002881553	-0.002592931	0.00028313	-0.0002879172	-0.0005466556	0.009671267	0.2864208	-0.03371501	-0.001707026	0.002923975	0.002795016	-0.0001383249	0.0004922822	0.0005007653	0.008999944	0.2105118	-0.1230834	0.0007923723	0.001483192	-0.0009927198	0.00028313	-0.0002879172	-0.0005466556	0.1303516	0.1797668	0.05627394	-0.0009190181	-0.001382673	-0.0002762	-0.0001383249	0.0004922822	0.0005007653
628	0.1783688	-0.03566498	-0.06904173	-0.1250985	-0.06193984	-0.06682372	0.01758918	-0.5228622	-0.2227154	0.05308652	0.2487144	-0.08428931	0.002613578	-0.003033419	-0.005056061	0.0004726693	-0.0002539044	-0.001025774	0.003708779	0.287937	-0.0208528	-0.002770892	0.002572052	0.005311814	-0.0003697101	0.0002812309	0.001004773	0.0097211	0.2116278	-0.1251333	0.0007745684	0.001391389	-0.001257021	0.0004726693	-0.0002539044	-0.001025774	0.1316577	0.1817322	0.05730367	-0.0003627456	-0.0005456388	5.028246E-05	-0.0003697101	0.0002812309	0.001004773
631	0.179895	-0.03467751	-0.06906867	-0.1239275	-0.0632748	-0.06708121	0.01904845	-0.5218534	-0.222615	0.06003992	0.2347959	-0.09715557	0.003698533	-0.005754709	-0.00700861	0.0006257409	-0.0008707508	-0.001257468	-0.003824212	0.2878995	-0.006092072	-0.003961417	0.001919651	0.007674044	-0.0005749138	4.782298E-05	0.001344137	0.009937495	0.2122403	-0.127671	0.0006350249	0.001196681	-0.001577197	0.0006257409	-0.0008707508	-0.001257468	0.1330768	0.1837985	0.060004	8.272254E-05	0.0001073345	0.000712794	-0.0005749138	4.782298E-05	0.001344137
635	0.1817937	-0.03149122	-0.06797624	-0.1223586	-0.06172073	-0.06622291	0.02123308	-0.5188681	-0.2215953	0.06892758	0.2219639	-0.1155527	0.004995815	-0.007524014	-0.00985573	0.0007936263	-0.001095389	-0.001654881	-0.01377402	0.2864276	0.01277876	-0.005458514	0.001071769	0.01047324	-0.0008054597	-0.0001761033	0.001707902	0.008830369	0.211069	-0.1319613	0.0001994871	0.0006046879	-0.002255484	0.0007936263	-0.001095389	-0.001654881	0.1362151	0.186906	0.06018186	0.000846603	0.0008573878	0.0005790606	-0.0008054597	-0.0001761033	0.001707902
638	0.1826936	-0.02872205	-0.0676899	-0.1214121	-0.05974352	-0.06595612	0.0220685	-0.5178456	-0.2215052	0.07978556	0.1901744	-0.1380601	0.006461356	-0.0135904	-0.01301865	0.0009616048	-0.002338137	-0.002031892	-0.02484553	0.2831241	0.03315544	-0.006861764	-2.20401E-05	0.0129491	-0.0009549071	-0.0004055298	0.001899892	0.007850051	0.2085275	-0.136034	-9.546409E-05	-0.0001818696	-0.002709779	0.0009616048	-0.002338137	-0.002031892	0.1381121	0.18996	0.06235147	0.001109208	0.001406532	0.0009766978	-0.0009549071	-0.0004055298	0.001899892
641	0.1829248	-0.02721745	-0.06748486	-0.1215539	-0.06275678	-0.06741118	0.02123731	-0.5198164	-0.222271	0.08745509	0.1726518	-0.1550248	0.006763401	-0.01457344	-0.01400516	0.000796715	-0.001999364	-0.001770545	-0.0461053	0.2757385	0.05589342	-0.01046127	-0.001862933	0.01539632	-0.001616056	-0.0007643705	0.002036724	0.003745258	0.2056585	-0.1464269	-0.001097796	-0.0008536547	-0.004630561	0.000796715	-0.001999364	-0.001770545	0.142672	0.1956169	0.06906271	0.001971878	0.002469123	0.002410335	-0.001616056	-0.0007643705	0.002036724
645	0.1816218	-0.02469015	-0.06758523	-0.1232948	-0.06141114	-0.06725121	0.01996885	-0.516077	-0.2214818	0.09193497	0.120963	-0.1751847	0.00619252	-0.02385229	-0.01554386	0.000454816	-0.003819236	-0.001712584	-0.04922447	0.2723562	0.06718111	-0.008625742	-0.002242781	0.01436916	-0.0007531609	-0.00066824	0.001270753	-0.0001800358	0.2004861	-0.1587975	-0.001804671	-0.001933349	-0.006565567	0.000454816	-0.003819236	-0.001712584	0.1476182	0.2015775	0.0815196	0.002715459	0.003342003	0.004921975	-0.0007531609	-0.00066824	0.001270753
648	0.1781582	-0.01848584	-0.06596875	-0.1271734	-0.04940283	-0.06407189	0.01597464	-0.5050811	-0.2182381	0.1024135	0.07810509	-0.1965423	0.007264033	-0.02860369	-0.01699728	0.0006089901	-0.004052277	-0.001647792	-0.06522161	0.2624064	0.08728218	-0.01046859	-0.004169537	0.01580214	-0.001025583	-0.000982869	0.001311309	-0.01189968	0.1667789	-0.1701405	-0.004283414	-0.009876812	-0.007759926	0.0006089901	-0.004052277	-0.001647792	0.1228413	0.1753882	0.0454545	-0.00415764	-0.004040829	-0.005324794	-0.001025583	-0.000982869	0.001311309
651	0.1717356	-0.03509462	-0.06518364	-0.1287333	-0.04200983	-0.05922079	0.01154274	-0.5086893	-0.2172129	0.1151265	0.05307156	-0.2131939	0.008626265	-0.02771115	-0.01691087	0.0007973007	-0.002816073	-0.001214241	-0.05084383	0.2025807	0.04263449	-0.004256997	-0.01808357	0.0006896816	0.0007837112	-0.004215659	-0.002794632	-0.0222286	0.1433398	-0.1830444	-0.005794791	-0.01326739	-0.009045927	0.0007973007	-0.002816073	-0.001214241	0.1315755	0.1940604	0.05296779	-0.0009346618	0.00163742	-0.002115275	0.0007837112	-0.004215659	-0.002794632
654	0.1517977	-0.06900567	-0.06128025	-0.1335596	-0.0282979	-0.06029201	-0.002918601	-0.507583	-0.2096822	0.125616	0.04494053	-0.2178037	0.009092076	-0.02281612	-0.01383561	0.0007144281	-0.0008882969	-0.0001418658	-0.0507133	0.2054612	0.01312566	-0.003160116	-0.01284256	-0.006859946	0.0008620037	-0.001851493	-0.003983381	-0.04296446	0.1163013	-0.1939425	-0.009530058	-0.01671015	-0.009508973	0.0007144281	-0.0008882969	-0.0001418658	0.1289473	0.1850025	0.04849553	-0.001358063	-0.001036405	-0.00270452	0.0008620037	-0.001851493	-0.003983381
658	0.1503237	-0.07133526	-0.06482816	-0.132409	-0.06195635	-0.0768888	-0.007169873	-0.5236821	-0.2173481	0.1323185	-0.01581609	-0.2373314	0.008494684	-0.03230125	-0.01525862	0.0003864733	-0.003037504	-0.0004621536	-0.05818066	0.2140279	0.03073478	-0.004236927	-0.007490252	-0.0007426795	0.0003773	-5.054229E-05	-0.001458219	-0.06358454	0.1017506	-0.1968567	-0.01230256	-0.01617029	-0.007860277	0.0003864733	-0.003037504	-0.0004621536	0.1168844	0.1775485	0.0311172	-0.004034252	-0.002640813	-0.006372972	0.0003773	-5.054229E-05	-0.001458219
661	0.15438	-0.08584869	-0.07157207	-0.129466	-0.08017373	-0.08281088	-0.001537383	-0.5438985	-0.2246153	0.1286945	-0.09774396	-0.2331362	0.005465004	-0.0447079	-0.01039516	-0.0004675651	-0.005379791	0.0008692495	-0.08876275	0.2724203	0.03573394	-0.01082322	0.008980419	0.0006927806	-0.001363597	0.004079761	-0.0007347994	-0.07906321	0.05188584	-0.2119312	-0.01309659	-0.02459391	-0.009663831	-0.0004675651	-0.005379791	0.0008692495	0.1204711	0.1773425	0.007029295	-0.002129026	-0.002032093	-0.01080171	-0.001363597	0.004079761	-0.0007347994
665	0.1532288	-0.08826631	-0.07399774	-0.1296338	-0.08669865	-0.08505321	0.0002326518	-0.5494186	-0.2275882	0.1193201	-0.1761872	-0.2078412	0.001755147	-0.05314175	-0.001472618	-0.001278138	-0.006143305	0.002882573	-0.0552305	0.2028474	-0.09049106	0.0002656486	-0.01065792	-0.03103666	0.001749518	-0.001849764	-0.008483461	-0.09129927	-0.006055534	-0.2141564	-0.01288146	-0.03293078	-0.007804163	-0.001278138	-0.006143305	0.002882573	0.1245978	0.1980909	-0.01074839	-0.0005651028	0.003663024	-0.0125457	0.001749518	-0.001849764	-0.008483461
668	0.1459609	-0.1111773	-0.08475947	-0.1326724	-0.1061822	-0.09158301	0.001016781	-0.5589507	-0.2313154	0.07813285	-0.18509	-0.1121247	-0.008980443	-0.042082	0.02282466	-0.003642501	-0.001842543	0.008236248	0.007600714	0.09649855	-0.2052586	0.01590704	-0.03458065	-0.05196939	0.005222486	-0.007368005	-0.01159578	-0.09600112	-0.04917595	-0.2064877	-0.01083656	-0.03547819	-0.003935939	-0.003642501	-0.001842543	0.008236248	0.1310426	0.2057994	-0.05647802	0.001187376	0.004674383	-0.02084168	0.005222486	-0.007368005	-0.01159578
671	0.135358	-0.09608877	-0.07855964	-0.1359976	-0.1037707	-0.08947396	-0.002604693	-0.5582586	-0.2296722	0.06237192	-0.2408226	-0.09301949	-0.01067556	-0.04549465	0.02189479	-0.003155656	-0.002235067	0.00594472	0.03667663	0.02018723	-0.2242053	0.01919926	-0.04501332	-0.0437137	0.00473992	-0.008134171	-0.006632911	-0.0956248	-0.09169859	-0.2007499	-0.008033338	-0.0372393	-0.001517509	-0.003155656	-0.002235067	0.00594472	0.1265947	0.1857887	-0.1230028	-0.0002214449	-0.001496882	-0.03226245	0.00473992	-0.008134171	-0.006632911
675	0.1632296	-0.1000815	-0.06769562	-0.1391332	-0.09938383	-0.08304811	-0.007432327	-0.5563018	-0.225724	0.05320161	-0.2062862	-0.0817132	-0.01029925	-0.02548689	0.01924766	-0.002272664	0.003325637	0.003796758	0.03117026	0.04397011	-0.2213612	0.01302285	-0.02781427	-0.03207425	0.002010838	-0.001800867	-0.002064821	-0.09819013	-0.1461331	-0.1911705	-0.006666334	-0.04153811	0.001256724	-0.002272664	0.003325637	0.003796758	0.09982899	0.133695	-0.2022423	-0.006857502	-0.01414608	-0.04400671	0.002010838	-0.001800867	-0.002064821
678	0.1617254	-0.09787798	-0.06496954	-0.1424743	-0.09592789	-0.07949972	-0.01032998	-0.5540584	-0.2231166	0.0474973	-0.2392442	-0.09987283	-0.009150516	-0.02735466	0.009895841	-0.001417314	0.002027286	0.0005096127	0.02626478	-0.1737643	-0.24727	0.008540768	-0.07529432	-0.0305329	0.0003876074	-0.01322066	-0.001163276	-0.1043391	-0.208766	-0.2007003	-0.006536984	-0.0468118	-0.001439915	-0.001417314	0.002027286	0.0005096127	0.07803592	0.08583248	-0.2381867	-0.01059139	-0.0225752	-0.04199115	0.0003876074	-0.01322066	-0.001163276
681	0.1617094	-0.09665668	-0.06383538	-0.1477509	-0.09277403	-0.07645273	-0.01002908	-0.553762	-0.2216032	0.04873956	-0.2472693	-0.09977698	-0.006552321	-0.02252227	0.007445842	-0.0004134368	0.002728563	-0.0002302902	0.02237665	-0.239314	-0.1826808	0.005433544	-0.07285815	-0.006752387	-0.0004861006	-0.009306457	0.00507267	-0.0645726	-0.1994417	-0.08907437	0.005038877	-0.03277778	0.02682654	-0.0004134368	0.002728563	-0.0002302902	0.01036665	-0.04519877	-0.3004611	-0.02486086	-0.04968921	-0.04706195	-0.0004861006	-0.009306457	0.00507267
684	0.1625758	-0.09537458	-0.06160593	-0.150457	-0.09127969	-0.07359481	-0.009768486	-0.5542452	-0.2180026	0.04940103	-0.2643278	-0.08842492	-0.004748873	-0.02115634	0.008422397	0.0001407843	0.002387905	7.142121E-05	0.02386061	-0.2705754	-0.127687	0.004446149	-0.06245896	0.008684177	-0.0006114242	-0.004380044	0.007663643	-0.07365239	-0.1946463	-0.09275866	0.001509212	-0.02338449	0.01919883	0.0001407843	0.002387905	7.142121E-05	-0.009846061	-0.1246938	-0.2767502	-0.02369883	-0.05714065	-0.02936875	-0.0006114242	-0.004380044	0.007663643
688	0.1618259	-0.09371626	-0.05670929	-0.1530787	-0.0874176	-0.06858754	-0.01250353	-0.5531452	-0.2130303	0.04992675	-0.2742012	-0.05624509	-0.003430226	-0.01833558	0.01436176	0.0004352501	0.002496117	0.001538406	0.02208691	-0.2790874	-0.1057711	0.002891185	-0.04897221	0.01199211	-0.000847309	8.665491E-05	0.006574716	-0.07762396	-0.2168788	-0.1024158	0.0001390146	-0.02309649	0.01198484	0.0004352501	0.002496117	0.001538406	-0.03740916	-0.2117649	-0.2125766	-0.02466489	-0.06462328	-0.005983166	-0.000847309	8.665491E-05	0.006574716
691	0.1626083	-0.09332097	-0.05139446	-0.1559937	-0.08571279	-0.06460571	-0.01427288	-0.5528514	-0.208411	0.04986595	-0.2735267	-0.0269711	-0.002587869	-0.01358307	0.01808981	0.0005370269	0.003060217	0.002085819	0.01319078	-0.2740965	-0.08696246	-5.564326E-05	-0.03548143	0.01369623	-0.001372189	0.003437686	0.005357068	-0.07778385	-0.226707	-0.09817719	6.428856E-05	-0.0197794	0.01004828	0.0005370269	0.003060217	0.002085819	-0.04868481	-0.2382471	-0.1409245	-0.02131758	-0.055088	0.01342567	-0.001372189	0.003437686	0.005357068
695	0.1639334	-0.09374696	-0.04613638	-0.1575914	-0.08481151	-0.06195521	-0.01531352	-0.553809	-0.2047055	0.04874555	-0.2795078	-0.004333735	-0.002221001	-0.01168259	0.0192267	0.000494487	0.002770281	0.001848586	0.01163303	-0.2648433	-0.07360864	-0.0004311701	-0.02429779	0.01361063	-0.001123023	0.005374175	0.0039964	-0.07845536	-0.2520683	-0.08026886	-0.0001196601	-0.02117488	0.01201329	0.000494487	0.002770281	0.001848586	-0.05476993	-0.272189	-0.1114092	-0.01750947	-0.04980147	0.01744807	-0.001123023	0.005374175	0.0039964
698	0.1642794	-0.09334415	-0.04000735	-0.159104	-0.08351898	-0.05890608	-0.01696609	-0.5541312	-0.2003455	0.0487284	-0.2808496	0.01459169	-0.00167004	-0.009097394	0.01915138	0.0005086056	0.002724011	0.00136761	0.0125713	-0.2409671	-0.05150938	-8.881002E-05	-0.01225428	0.01573279	-0.0007566776	0.007041507	0.003527839	-0.08135542	-0.2652103	-0.05722022	-0.000814761	-0.01916667	0.01477213	0.0005086056	0.002724011	0.00136761	-0.05777782	-0.2738759	-0.0801537	-0.01388407	-0.03777283	0.02089992	-0.0007566776	0.007041507	0.003527839
701	0.165531	-0.09345275	-0.0338583	-0.1604644	-0.08191991	-0.0561111	-0.017336	-0.5542228	-0.1969671	0.04579907	-0.2755715	0.02835965	-0.001984862	-0.005503518	0.01780553	0.0003027486	0.002941477	0.0006892437	0.01267815	-0.2415368	-0.05643797	-3.989485E-05	-0.009333147	0.01056744	-0.0005552794	0.006011415	0.001354543	-0.08314663	-0.2725062	-0.03609419	-0.001058873	-0.01619897	0.01636061	0.0003027486	0.002941477	0.0006892437	-0.05764621	-0.2693825	-0.059618	-0.01038015	-0.02720628	0.02080887	-0.0005552794	0.006011415	0.001354543
704	0.1671962	-0.09361225	-0.02887154	-0.1613639	-0.08059239	-0.05293679	-0.01715082	-0.5537956	-0.1937814	0.0432213	-0.2766954	0.03277135	-0.002133088	-0.004408615	0.01445707	0.0001900049	0.002479834	-0.0003201817	0.01373367	-0.234058	-0.04850364	0.0002339603	-0.005130148	0.009909166	-0.0003479957	0.005559311	0.0008513383	-0.08506075	-0.2767001	-0.01887846	-0.001272683	-0.0131977	0.01657439	0.0001900049	0.002479834	-0.0003201817	-0.05046746	-0.2598342	-0.04943967	-0.005990426	-0.01801764	0.01815123	-0.0003479957	0.005559311	0.0008513383
708	0.1672828	-0.09383017	-0.02620482	-0.1625341	-0.07989341	-0.05142975	-0.01737869	-0.5530477	-0.1917052	0.04143352	-0.275656	0.03396797	-0.002046762	-0.003046615	0.01114196	0.0001640854	0.002200375	-0.001068914	0.01502254	-0.234419	-0.04809618	0.0004976878	-0.00393786	0.007533739	-0.0001950649	0.004467555	4.464691E-05	-0.08484527	-0.2795241	-0.01034975	-0.0009006448	-0.01060429	0.01456297	0.0001640854	0.002200375	-0.001068914	-0.0493792	-0.2539479	-0.04260802	-0.004220754	-0.01204165	0.01532134	-0.0001950649	0.004467555	4.464691E-05
711	0.1675678	-0.0937748	-0.02397227	-0.1639953	-0.07881439	-0.04901576	-0.01775019	-0.5523372	-0.1892595	0.04002447	-0.2764902	0.03391123	-0.001887335	-0.002493503	0.008342283	0.0001629208	0.001788559	-0.001501605	0.01549931	-0.2362927	-0.05139494	0.0004924579	-0.003421832	0.004825614	-0.0001476062	0.003479674	-0.0006435459	-0.08318508	-0.281991	-0.006130219	-0.0002604341	-0.008569945	0.01197711	0.0001629208	0.001788559	-0.001501605	-0.04957929	-0.2543781	-0.04505873	-0.003215589	-0.009138782	0.01087833	-0.0001476062	0.003479674	-0.0006435459
714	0.1690958	-0.09304601	-0.02282	-0.1636685	-0.07780266	-0.04795527	-0.01804273	-0.5519784	-0.1867316	0.03879202	-0.2783643	0.0283494	-0.001723613	-0.002338649	0.004866255	0.0001631209	0.001380133	-0.001995211	0.01719787	-0.244555	-0.070508	0.0007939832	-0.004631936	-0.001159055	-3.532329E-05	0.002307229	-0.001978827	-0.08376127	-0.2833629	-0.004286051	-0.0003393751	-0.006770431	0.009443874	0.0001631209	0.001380133	-0.001995211	-0.04781139	-0.2542799	-0.04596567	-0.001969716	-0.006829544	0.007932009	-3.532329E-05	0.002307229	-0.001978827
718	0.1697454	-0.09316486	-0.02331781	-0.1639691	-0.07720929	-0.04699564	-0.01881303	-0.5518837	-0.1848733	0.04099146	-0.2811629	0.008539915	-0.0007428497	-0.002453626	-0.00130268	0.0003675316	0.001006356	-0.003038642	0.01780275	-0.2511365	-0.08898473	0.0007467072	-0.00511933	-0.005488473	-3.831147E-05	0.001608573	-0.002566474	-0.08330858	-0.2838622	-0.004219532	-0.000141357	-0.00520265	0.007099535	0.0003675316	0.001006356	-0.003038642	-0.04372564	-0.2555485	-0.05440545	-0.0004558493	-0.005439314	0.003839062	-3.831147E-05	0.001608573	-0.002566474
721	0.1712228	-0.09342027	-0.02462125	-0.1644654	-0.07717901	-0.0463829	-0.01800375	-0.552673	-0.1818058	0.04059087	-0.2794794	-0.007640839	-0.0006572833	-0.001419366	-0.005022198	0.0002970403	0.001013332	-0.003208861	0.01750227	-0.2569052	-0.1108389	0.0004849099	-0.005281669	-0.009579895	-9.418293E-05	0.001165845	-0.002947711	-0.07996377	-0.2830975	-0.010216	0.0007301833	-0.003710813	0.003825535	0.0002970403	0.001013332	-0.003208861	-0.03624564	-0.2702469	-0.09267831	0.001528112	-0.007754067	-0.006688918	-9.418293E-05	0.001165845	-0.002947711
725	0.1736014	-0.09495097	-0.02591419	-0.1643525	-0.07698137	-0.04556155	-0.0183991	-0.5534457	-0.1789682	0.04048916	-0.2757275	-0.0357554	-0.0005183913	-0.0001265337	-0.01079529	0.0002575032	0.001083207	-0.003849918	0.0182888	-0.2617966	-0.1351559	0.0005603163	-0.005184116	-0.01326418	-5.17856E-05	0.0008987722	-0.003131854	-0.07501897	-0.2820778	-0.0239675	0.001783838	-0.002528173	-0.0005687256	0.0002575032	0.001083207	-0.003849918	-0.03090221	-0.2621926	-0.110194	0.002481943	-0.003801986	-0.009395603	-5.17856E-05	0.0008987722	-0.003131854
728	0.172132	-0.09504074	-0.02822852	-0.164468	-0.07621253	-0.04582071	-0.01995082	-0.5538118	-0.1777613	0.04319233	-0.2728282	-0.0564971	0.0002869984	0.0006299295	-0.01328189	0.0003944748	0.001001521	-0.003509089	0.02000142	-0.2490681	-0.1606865	0.0008483914	-0.0007059476	-0.01633078	3.317957E-05	0.001793621	-0.00311554	-0.07041964	-0.2777487	-0.04386926	0.002487712	-0.0008138662	-0.005401982	0.0003944748	0.001001521	-0.003509089	-0.03203174	-0.2618726	-0.1384716	0.001579073	-0.002771478	-0.01411611	3.317957E-05	0.001793621	-0.00311554
731	0.1739232	-0.09687173	-0.03221035	-0.1635665	-0.0758394	-0.04696298	-0.02180119	-0.5540424	-0.1780524	0.04423486	-0.2631803	-0.07724667	0.0004758822	0.002884401	-0.01514881	0.0003430771	0.001314759	-0.003098547	0.006939556	-0.2369732	-0.1876161	-0.002629172	0.002494268	-0.01898049	-0.0008445062	0.00214527	-0.002999083	-0.06264064	-0.2723932	-0.06149125	0.003810534	0.000728492	-0.008456985	0.0003430771	0.001314759	-0.003098547	-0.02509907	-0.2483042	-0.169337	0.002917474	0.001313492	-0.01830344	-0.0008445062	0.00214527	-0.002999083
734	0.1712366	-0.09607506	-0.03652692	-0.1636593	-0.07493722	-0.04937744	-0.02533281	-0.5539618	-0.1788373	0.04457457	-0.2501604	-0.08982253	0.000441839	0.005418296	-0.01450557	0.000248797	0.001619543	-0.002163101	0.01158923	-0.2152293	-0.2129722	-0.0008094618	0.00730666	-0.02057438	-0.0001784521	0.00281205	-0.002647785	-0.0611791	-0.2648202	-0.07315111	0.003223285	0.002439606	-0.009257704	0.000248797	0.001619543	-0.002163101	-0.01691067	-0.2260317	-0.2003703	0.004235204	0.006553225	-0.0214859	-0.0001784521	0.00281205	-0.002647785
738	0.1731392	-0.09594911	-0.04312038	-0.1633539	-0.07442707	-0.05129147	-0.02581538	-0.5530531	-0.1803765	0.04125794	-0.230939	-0.09815335	-0.0004977791	0.008869056	-0.01296189	-4.83068E-05	0.002077347	-0.001236404	0.01403675	-0.1844088	-0.2303089	4.784437E-06	0.01318514	-0.01976497	6.972248E-05	0.003578657	-0.001783486	-0.05895719	-0.2538174	-0.08488703	0.002972941	0.004580407	-0.009877257	-4.83068E-05	0.002077347	-0.001236404	-0.007896066	-0.203558	-0.2245246	0.005430055	0.01053335	-0.022153	6.972248E-05	0.003578657	-0.001783486
741	0.1749418	-0.0965066	-0.05027199	-0.1645732	-0.07273787	-0.05188036	-0.0269375	-0.5512773	-0.1811488	0.03816747	-0.2193453	-0.1056092	-0.001145951	0.009550232	-0.01158537	-0.0001982731	0.001728304	-0.0005831741	0.00724303	-0.1579937	-0.2595583	-0.001694841	0.0164926	-0.02213608	-0.0003726146	0.003510859	-0.001930393	-0.05368751	-0.2406639	-0.09179807	0.003547125	0.006723686	-0.009135703	-0.0001982731	0.001728304	-0.0005831741	-0.0004948676	-0.1723153	-0.2500877	0.005922841	0.01571068	-0.02300553	-0.0003726146	0.003510859	-0.001930393
745	0.1734842	-0.09655225	-0.05581307	-0.1620557	-0.07265496	-0.05306935	-0.02903423	-0.5503662	-0.1825671	0.03612814	-0.2017119	-0.1091957	-0.001369295	0.01157102	-0.009585662	-0.0002045409	0.001801425	6.25469E-05	0.01432303	-0.1259415	-0.2523419	0.0004988699	0.0203825	-0.01479795	0.0002689669	0.00360562	0.0003867385	-0.05590045	-0.2332852	-0.09998751	0.002107108	0.006887431	-0.008899137	-0.0002045409	0.001801425	6.25469E-05	-0.0231221	-0.1045838	-0.201112	-0.001214678	0.0287159	-0.005010221	0.0002689669	0.00360562	0.0003867385
748	0.1703157	-0.09352285	-0.05970144	-0.1664186	-0.07062453	-0.05272865	-0.03026056	-0.5489067	-0.1827757	0.05228369	-0.1834705	-0.130971	0.003011916	0.0132386	-0.01263306	0.000941897	0.001767964	-0.0007149387	0.02349546	-0.09776823	-0.2048469	0.002667258	0.02233021	0.0007752907	0.0007438223	0.00319114	0.004183364	-0.05122423	-0.2189396	-0.1040077	0.002749387	0.008751985	-0.007679407	0.000941897	0.001767964	-0.0007149387	-0.0138413	-0.08757624	-0.2229035	0.001409192	0.02578881	-0.00920553	0.0007438223	0.00319114	0.004183364
