1516	0.1248266	0.02336025	0.005357981	-0.1706531	-0.0758796	-0.09046388	0.009660155	-0.5377173	-0.2112195	0.132102	-0.1677875	-0.2050118	-0.0003199705	-0.001390398	-0.001380832	-0.0001914465	0.0002562586	6.865368E-05	-0.1037	0.2273917	0.1054151	-0.005623286	0.007272073	0.007734657	-0.0001808354	0.0006339601	-0.0007122281	-0.07018036	-0.2248677	-0.08167768	0.003040027	0.003998561	-0.001036079	-0.0001914465	0.0002562586	6.865368E-05	0.01665059	-0.1342971	-0.1891146	0.005157875	0.01749843	0.001299656	-0.0001808354	0.0006339601	-0.0007122281
1519	0.1241935	0.02426398	0.005580187	-0.1698612	-0.07401371	-0.09062862	0.01087995	-0.5364098	-0.2124028	0.1316667	-0.1674622	-0.205703	-0.0003488085	-0.0009614752	-0.001208418	-0.0001507943	0.0002994246	9.459382E-05	-0.1037381	0.2272828	0.1055379	-0.004226997	0.005426823	0.00583169	0.0002134455	1.415762E-05	-0.001009913	-0.06730407	-0.2188887	-0.08261228	0.002999091	0.004493678	-0.001010709	-0.0001507943	0.0002994246	9.459382E-05	0.02530128	-0.1429348	-0.2214737	0.006031079	0.0109644	-0.007115039	0.0002134455	1.415762E-05	-0.001009913
1522	0.1233607	0.02561784	0.005651951	-0.1663406	-0.0770427	-0.09150887	0.01495838	-0.5360118	-0.2140396	0.130872	-0.1679383	-0.2059362	-0.0004602761	-0.000840122	-0.000964607	-0.0001409627	0.0002549067	0.0001318982	-0.1033901	0.226944	0.1051564	-0.003083253	0.003985419	0.0042784	0.0004460202	-0.0003497327	-0.001145757	-0.06935987	-0.2107064	-0.0825963	0.00173537	0.005415831	-0.0007540385	-0.0001409627	0.0002549067	0.0001318982	0.02594906	-0.1439616	-0.2247078	0.004685255	0.007966598	-0.006144816	0.0004460202	-0.0003497327	-0.001145757
1526	0.122755	0.02662992	0.005884171	-0.1653659	-0.0775274	-0.09142494	0.01525494	-0.5358163	-0.2148993	0.1315699	-0.1670474	-0.2063186	-0.0001707294	-0.0004073788	-0.0008190611	-3.333531E-05	0.0002993658	0.0001353101	-0.06723004	0.1845632	0.08391714	0.006727588	-0.007606138	-0.00210102	0.002787225	-0.003160189	-0.002454173	-0.06957695	-0.206392	-0.08418727	0.001247257	0.005140479	-0.0009632707	-3.333531E-05	0.0002993658	0.0001353101	0.03727508	-0.1423371	-0.2493281	0.006345445	0.006381065	-0.01076369	0.002787225	-0.003160189	-0.002454173
1529	0.1220575	0.02704149	0.006071806	-0.1652676	-0.07791328	-0.09156966	0.01685603	-0.5352361	-0.2161129	0.1316965	-0.1664938	-0.2067878	-9.639699E-05	-0.0001671172	-0.0007315978	-6.418377E-06	0.0002845898	0.0001233484	-0.07828438	0.1986963	0.106076	0.002282105	-0.002171315	0.00396395	0.0009790484	-0.001011436	-0.0003243871	-0.06969687	-0.2028008	-0.085567	0.0009054618	0.004753154	-0.001067385	-6.418377E-06	0.0002845898	0.0001233484	0.03649917	-0.1438273	-0.248687	0.004565108	0.00441324	-0.007912488	0.0009790484	-0.001011436	-0.0003243871
1532	0.122197	0.02777034	0.006400824	-0.1649907	-0.07801184	-0.09164739	0.01751907	-0.5348506	-0.2169497	0.1321844	-0.1663923	-0.2066245	4.966826E-05	-9.997611E-05	-0.0005078692	3.170253E-05	0.0002302276	0.0001484434	-0.0798225	0.1995935	0.1055667	0.001327049	-0.001404194	0.002845647	0.0004955223	-0.0005667966	-0.0005228661	-0.06990245	-0.1998289	-0.08782268	0.0006277022	0.004307837	-0.001364458	3.170253E-05	0.0002302276	0.0001484434	0.033647	-0.1358547	-0.2337804	0.002710788	0.005303091	-0.002207705	0.0004955223	-0.0005667966	-0.0005228661
1536	0.1369114	-0.02139926	-0.01415157	-0.164321	-0.07820421	-0.09200096	0.01779453	-0.5363543	-0.2187886	0.1278086	-0.1305906	-0.2007859	-0.001056699	0.00887546	0.001078756	-0.0002528149	0.00241653	0.000507989	-0.09371661	0.2179943	0.1260011	-0.002478239	0.003547066	0.00724283	-0.0005796803	0.0008127177	0.0007071464	-0.07063261	-0.1973948	-0.08892131	0.0002882374	0.003839397	-0.001298002	-0.0002528149	0.00241653	0.000507989	0.03740457	-0.1429885	-0.2506621	0.002972482	0.002193854	-0.005876205	-0.0005796803	0.0008127177	0.0007071464
1539	0.1360013	0.005365133	-0.002419233	-0.1646463	-0.07829192	-0.09230733	0.01730016	-0.5363047	-0.2198336	0.1272277	-0.1569324	-0.2121367	-0.0009377397	7.113907E-05	-0.00202865	-0.0001598714	-0.0003886828	-0.0003958599	-0.09359587	0.2191312	0.1276088	-0.001828495	0.002944517	0.005834037	-0.0002723243	0.0004589009	0.0001781614	-0.07009107	-0.1955457	-0.09015894	0.0003515626	0.003341834	-0.001282909	-0.0001598714	-0.0003886828	-0.0003958599	0.03525382	-0.1450306	-0.2497828	0.001691676	0.001134869	-0.004187332	-0.0002723243	0.0004589009	0.0001781614
1542	0.1375235	0.04842013	0.0141499	-0.1650955	-0.07599521	-0.09450674	0.01609048	-0.5444704	-0.1898849	0.1109171	-0.1808994	-0.2071693	-0.004780952	-0.005938387	-0.0002796249	-0.001080706	-0.001793894	0.0001403614	-0.08360994	0.2026555	0.1101553	0.001125111	-0.001910532	1.216959E-05	0.0005341585	-0.0008695865	-0.001321846	-0.07353505	-0.1973017	-0.08848786	-0.0005973246	0.002067357	-0.0005444129	-0.001080706	-0.001793894	0.0001403614	0.03389454	-0.1471644	-0.2487741	0.0009289358	0.0003177091	-0.002888311	0.0005341585	-0.0008695865	-0.001321846
1546	0.1489002	-0.02873087	-0.02043247	-0.1680825	-0.07831791	-0.09281659	0.003345087	-0.5376496	-0.2146194	0.1132371	-0.1253527	-0.1932342	-0.003005714	0.009432877	0.003274054	-0.0003667204	0.002497396	0.0009936907	-0.09534306	0.2237868	0.1191261	-0.002089447	0.003849928	0.002251812	-0.0004030207	0.000787925	-0.0004314739	-0.07191867	-0.1974295	-0.08950448	-4.389632E-05	0.001518585	-0.0006624639	-0.0003667204	0.002497396	0.0009936907	0.02763182	-0.1497565	-0.2379014	-0.000868978	-0.0004097398	0.0005519171	-0.0004030207	0.000787925	-0.0004314739
1549	0.1483421	-0.004531503	-0.002703428	-0.1676373	-0.07862279	-0.09295011	0.006869942	-0.5383589	-0.2176425	0.1153764	-0.1490585	-0.2105384	-0.001719472	0.001148198	-0.001870505	4.652026E-05	-0.0001981229	-0.0005408717	-0.09557246	0.2250981	0.1167622	-0.001624436	0.003215257	0.001097879	-0.0001860128	0.0004322759	-0.0006120887	-0.07191721	-0.196597	-0.08976173	-3.255716E-05	0.001347071	-0.0005611613	4.652026E-05	-0.0001981229	-0.0005408717	0.02317083	-0.1537118	-0.2324302	-0.001766981	-0.001296127	0.001781745	-0.0001860128	0.0004322759	-0.0006120887
1552	0.1421971	0.01336026	0.009584665	-0.1713536	-0.08063337	-0.09068584	0.003952116	-0.539048	-0.2165225	0.116085	-0.1659245	-0.216872	-0.001112462	-0.003355344	-0.002986276	0.0001866425	-0.001274478	-0.0006845965	-0.09488674	0.2268209	0.1143172	-0.001046897	0.00284216	0.0002121634	4.875285E-06	0.0002309329	-0.0006804953	-0.07263365	-0.1966697	-0.09036779	-0.0002035298	0.0009921235	-0.000572386	0.0001866425	-0.001274478	-0.0006845965	0.02135378	-0.1708051	-0.2341869	-0.001779498	-0.005245436	0.0008971419	4.875285E-06	0.0002309329	-0.0006804953
1556	0.141575	0.04000795	0.02225232	-0.1703693	-0.0807749	-0.09092331	0.005806282	-0.53771	-0.2171557	0.1082647	-0.1770489	-0.2120595	-0.002789407	-0.005297616	-0.001036587	-0.0002792543	-0.001441426	-2.602517E-05	-0.08696313	0.221114	0.09941387	0.00119573	0.0007048789	-0.003566704	0.0005643132	-0.0003611207	-0.001455088	-0.07310221	-0.1967696	-0.09036636	-0.0002697854	0.0007191108	-0.0004289318	-0.0002792543	-0.001441426	-2.602517E-05	0.01883915	-0.1775212	-0.2292895	-0.001963281	-0.005613095	0.001897195	0.0005643132	-0.0003611207	-0.001455088
1559	0.1384051	0.03937292	0.0230937	-0.1645215	-0.07715189	-0.09108806	0.003659636	-0.5380144	-0.2164612	0.1091421	-0.1771775	-0.2115872	-0.001872718	-0.004005346	-0.0006593638	1.973167E-05	-0.0007580023	7.478704E-05	-0.08860767	0.2244796	0.1013622	0.0004856634	0.001370076	-0.002187939	0.0002457182	-0.0001045413	-0.000746625	-0.08212265	-0.2024696	-0.08941174	-0.002457451	-0.000885665	-8.30419E-05	1.973167E-05	-0.0007580023	7.478704E-05	0.01437238	-0.1874839	-0.2213898	-0.002589154	-0.006700498	0.003397837	0.0002457182	-0.0001045413	-0.000746625
1563	0.136924	0.0395146	0.0239408	-0.1639989	-0.07642058	-0.09098792	0.00301069	-0.5377732	-0.2159634	0.110199	-0.1773661	-0.2109666	-0.001140303	-0.003051172	-0.0003393719	0.0001979023	-0.0003299581	0.0001360882	-0.09005629	0.2224109	0.1099403	2.091605E-06	0.0005103821	0.0005035613	6.33957E-05	-0.0002933294	0.0001129063	-0.08402908	-0.2055914	-0.08872509	-0.002319694	-0.001444704	0.00010938	0.0001979023	-0.0003299581	0.0001360882	0.009722561	-0.1936384	-0.2161961	-0.00310432	-0.006564004	0.003846805	6.33957E-05	-0.0002933294	0.0001129063
1566	0.1353149	0.04007787	0.02440548	-0.1647669	-0.07622358	-0.08993506	0.001819059	-0.5376634	-0.215029	0.110662	-0.1784326	-0.2097712	-0.0007394754	-0.002555005	4.432874E-05	0.0002486337	-0.000123427	0.0001979913	-0.09547364	0.2225959	0.1167843	-0.001352768	0.0004290249	0.002088682	-0.0002911681	-0.0002403363	0.0004809599	-0.08504719	-0.2109337	-0.08988976	-0.001994298	-0.002419112	-0.0002091337	0.0002486337	-0.000123427	0.0001979913	0.005561918	-0.1965415	-0.2135808	-0.003368401	-0.005648768	0.003538907	-0.0002911681	-0.0002403363	0.0004809599
1569	0.1359078	0.04159158	0.02428865	-0.1649168	-0.07726312	-0.09015036	0.003087282	-0.5369377	-0.215889	0.1116804	-0.1787119	-0.2089534	-0.0003000128	-0.001986066	0.0002376905	0.000296341	4.966462E-05	0.0001968339	-0.07891639	0.2207585	0.0924108	0.003124737	-0.0001375745	-0.004526871	0.0009010003	-0.0003219021	-0.001293168	-0.08389229	-0.2116175	-0.09037256	-0.001206998	-0.001985273	-0.0002775497	0.000296341	4.966462E-05	0.0001968339	0.0005522668	-0.1989801	-0.2112584	-0.003778713	-0.004846231	0.003234789	0.0009010003	-0.0003219021	-0.001293168
1572	0.1326021	0.04187173	0.02533913	-0.1648836	-0.07629648	-0.08908129	0.0007921606	-0.536721	-0.2148118	0.1126961	-0.1787304	-0.2083616	2.891739E-05	-0.001494184	0.0003262066	0.0003044883	0.000160219	0.0001697545	-0.08630987	0.2197631	0.1091218	0.0004951814	-0.0003520303	0.0007825957	1.83612E-05	-0.0002950405	0.0003574906	-0.08693337	-0.21385	-0.08915615	-0.001665521	-0.00204707	9.594063E-05	0.0003044883	0.000160219	0.0001697545	-0.004144251	-0.2012277	-0.208955	-0.004008165	-0.004196578	0.003001933	1.83612E-05	-0.0002950405	0.0003574906
1576	0.1334847	0.03633606	0.030334	-0.1640737	-0.07682595	-0.08856153	-0.0006990284	-0.5373755	-0.2140815	0.1119381	-0.1742786	-0.2126551	-0.0001678175	-7.699942E-06	-0.0008287055	0.0001791825	0.0004917852	-0.0001614122	-0.09609319	0.2209278	0.1202252	-0.002074444	2.714596E-05	0.003362795	-0.0006286355	-0.0001264863	0.0009131677	-0.08920506	-0.214871	-0.0875659	-0.001817061	-0.001790574	0.0004695184	0.0001791825	0.0004917852	-0.0001614122	-0.008217305	-0.2032758	-0.2067227	-0.004024387	-0.003659448	0.002809528	-0.0006286355	-0.0001264863	0.0009131677
1579	0.1333793	0.03847218	0.02987909	-0.1636983	-0.07582825	-0.08741474	-0.001100853	-0.5366769	-0.2138338	0.1124759	-0.1751498	-0.2116101	8.601244E-06	-0.0002235703	-0.000360282	0.0001784916	0.0003148713	-3.953231E-06	-0.09979804	0.2218448	0.1194692	-0.002482045	0.0002496138	0.00233309	-0.0005733767	-3.924777E-05	0.0004274495	-0.09038946	-0.2158504	-0.08679342	-0.001658897	-0.001587772	0.0005452579	0.0001784916	0.0003148713	-3.953231E-06	-0.01228702	-0.2060893	-0.203558	-0.004035719	-0.003447955	0.002898338	-0.0005733767	-3.924777E-05	0.0004274495
1582	0.1348138	0.03652173	0.0324204	-0.1641611	-0.07544667	-0.08655357	-0.002303243	-0.5366362	-0.2131433	0.1121916	-0.1721238	-0.2143235	-6.463878E-05	0.0005888393	-0.0009485719	0.0001155587	0.0004392559	-0.0001500374	-0.09950027	0.2227586	0.1181808	-0.001787091	0.0004156452	0.001427714	-0.0002562942	1.207201E-05	9.424315E-05	-0.09065154	-0.2168731	-0.08522582	-0.001309693	-0.001446503	0.0008008439	0.0001155587	0.0004392559	-0.0001500374	-0.01419744	-0.2071643	-0.2022691	-0.003504394	-0.002854723	0.002495976	-0.0002562942	1.207201E-05	9.424315E-05
1586	0.1364145	0.03461033	0.03524017	-0.1624218	-0.07572111	-0.0859952	-0.002229318	-0.5366314	-0.2126815	0.1111211	-0.1692262	-0.2172771	-0.0003161039	0.001166012	-0.001449811	2.380269E-05	0.0004737351	-0.0002378379	-0.1004857	0.2219382	0.1188207	-0.001586685	0.0001066418	0.001230764	-0.0001421191	-6.819685E-05	2.144497E-05	-0.09342763	-0.2164844	-0.08451724	-0.001676291	-0.0009876918	0.000777778	2.380269E-05	0.0004737351	-0.0002378379	-0.01851961	-0.2087476	-0.2001584	-0.003708838	-0.002536869	0.002399662	-0.0001421191	-6.819685E-05	2.144497E-05
1589	0.1587017	-0.08322722	-0.03483415	-0.1611335	-0.07430366	-0.08485174	-0.002758786	-0.5493909	-0.2180791	0.1090055	-0.07507721	-0.1810124	-0.0007659611	0.02441176	0.007978806	-9.461227E-05	0.006166739	0.002178776	-0.1055184	0.2130293	0.1292384	-0.002448169	-0.002147243	0.003527498	-0.0003219603	-0.0006146189	0.0005902672	-0.09539306	-0.2172162	-0.08415198	-0.001748577	-0.0009237179	0.0006746478	-9.461227E-05	0.006166739	0.002178776	-0.02177483	-0.203501	-0.1945398	-0.003595433	-0.0005909959	0.003204389	-0.0003219603	-0.0006146189	0.0005902672
1593	0.1626356	-0.08272728	-0.03814316	-0.1609684	-0.07452688	-0.08537674	0.0004015714	-0.5517444	-0.2229857	0.1110792	-0.07232127	-0.1808195	-5.604827E-05	0.01899781	0.006032325	0.000106519	0.003271565	0.001147462	-0.09719235	0.2227	0.1201465	0.0002453756	0.0008072439	0.0003726601	0.0004319159	0.0002776576	-0.0003460091	-0.09054485	-0.2141592	-0.08444691	-9.937969E-05	7.144746E-05	0.0004322549	0.000106519	0.003271565	0.001147462	-0.02031955	-0.207261	-0.2014372	-0.002332756	-0.001383257	0.0006789297	0.0004319159	0.0002776576	-0.0003460091
1596	0.1651305	-0.08125782	-0.03896046	-0.1588066	-0.07410067	-0.08570981	0.003113776	-0.5533911	-0.2252421	0.1168705	-0.07673958	-0.1833911	0.00140579	0.01314378	0.003881348	0.0004453489	0.0009901666	0.0003228521	-0.0734462	0.2550087	0.0681622	0.006120569	0.0086826	-0.01271658	0.001792735	0.002177082	-0.003531817	-0.0897651	-0.2129771	-0.08483219	0.0001204022	0.0003491203	0.0002278701	0.0004453489	0.0009901666	0.0003228521	-0.01924008	-0.2057128	-0.2031124	-0.001479699	-0.0006503849	9.041507E-05	0.001792735	0.002177082	-0.003531817
1599	0.1632565	-0.08039975	-0.03717947	-0.1562273	-0.07318768	-0.08354211	0.001530886	-0.5554591	-0.2240245	0.1163705	-0.07697669	-0.1829545	0.0009293444	0.009798556	0.003020147	0.0002149002	-9.36804E-05	2.68388E-05	-0.08503141	0.2474365	0.0791173	0.001694125	0.004618906	-0.006798662	0.0002379405	0.0006168884	-0.001169383	-0.09345546	-0.2124856	-0.08489776	-0.0008322888	0.0003847003	0.0001545113	0.0002149002	-9.36804E-05	2.68388E-05	-0.01900914	-0.2052499	-0.2035394	-0.00105204	-0.0003720588	-3.894062E-05	0.0002379405	0.0006168884	-0.001169383
1603	0.1612777	-0.07982084	-0.035707	-0.1562874	-0.07236558	-0.08200669	-0.0003284663	-0.5567649	-0.2232125	0.117726	-0.07964763	-0.1859355	0.001035864	0.006681181	0.001519873	0.0001878052	-0.0008496041	-0.0003549393	-0.05905224	0.2674634	0.03304005	0.007765386	0.008470918	-0.01661831	0.001696271	0.001425669	-0.003331949	-0.09461603	-0.2118787	-0.08473444	-0.0009143571	0.0004402638	0.0001567126	0.0001878052	-0.0008496041	-0.0003549393	-0.01828724	-0.2039257	-0.2049203	-0.0006085546	5.200008E-05	-0.0003744356	0.001696271	0.001425669	-0.003331949
1606	0.1610084	-0.07960093	-0.03432751	-0.1567255	-0.0717746	-0.08056736	-0.001084566	-0.5573248	-0.2220862	0.1177557	-0.08276898	-0.1867175	0.0007843266	0.004230549	0.0009444017	7.796939E-05	-0.001249861	-0.0004100724	-0.05700248	0.2687447	0.02801204	0.006336479	0.006673504	-0.01372073	0.000914976	0.0006198983	-0.001774568	-0.0944525	-0.211652	-0.08473182	-0.0006448865	0.0003868595	0.0001181901	7.796939E-05	-0.001249861	-0.0004100724	-0.01586777	-0.2028302	-0.2062054	0.000148452	0.000312876	-0.0006020957	0.000914976	0.0006198983	-0.001774568
1609	0.1613564	-0.08181208	-0.03441048	-0.1576102	-0.07101089	-0.07953	-0.001871556	-0.5570745	-0.2210054	0.1167044	-0.08842543	-0.1881804	0.0003254257	0.001758799	0.0003425672	-5.624817E-05	-0.001555333	-0.0004580129	-0.02088425	0.2514386	-0.03685808	0.01378192	0.0006786129	-0.02650808	0.002547591	-0.001033799	-0.004527763	-0.09322366	-0.2108136	-0.08438921	-0.0001764551	0.0004997592	0.0001742945	-5.624817E-05	-0.001555333	-0.0004580129	-0.01374498	-0.2004197	-0.2087479	0.0006420364	0.0008372823	-0.001087196	0.002547591	-0.001033799	-0.004527763
1613	0.1657718	-0.1002167	-0.04198432	-0.1584717	-0.07051384	-0.07876945	-0.00277552	-0.5579515	-0.2204766	0.1113631	-0.0733299	-0.1813297	-0.001091255	0.005092982	0.001969605	-0.0003963564	-0.000332954	6.324984E-05	0.01033936	0.2315664	-0.0889957	0.01814234	-0.004459103	-0.03291547	0.0030008	-0.002059778	-0.004997668	-0.09240931	-0.2111014	-0.08458447	7.12458E-05	0.0003028617	8.190464E-05	-0.0003963564	-0.000332954	6.324984E-05	-0.01064152	-0.1970764	-0.2121375	0.001257394	0.001463798	-0.001662796	0.0030008	-0.002059778	-0.004997668
1616	0.1649494	-0.0993889	-0.04045033	-0.1595603	-0.07020336	-0.0778656	-0.003538966	-0.5580433	-0.2193985	0.1157457	-0.08818948	-0.1924756	0.0002772054	0.0001048399	-0.001309254	4.484793E-05	-0.001496751	-0.0007722774	0.02959859	0.2138656	-0.1321673	0.01842156	-0.007769533	-0.03547951	0.002320406	-0.002372441	-0.004389262	-0.09113035	-0.2111044	-0.08552599	0.000373176	0.0002264087	-0.0001739503	4.484793E-05	-0.001496751	-0.0007722774	-0.008651733	-0.1946889	-0.2144604	0.001440491	0.001694714	-0.001827825	0.002320406	-0.002372441	-0.004389262
1619	0.1671847	-0.103372	-0.03855896	-0.1604962	-0.06996962	-0.07632446	-0.00446105	-0.558411	-0.2177258	0.1114045	-0.1079457	-0.1934519	-0.000877396	-0.004860435	-0.001226021	-0.0002550144	-0.002363882	-0.0005583999	0.05745285	0.1843081	-0.1927202	0.02077974	-0.01321653	-0.04174784	0.002329847	-0.00314108	-0.004859029	-0.09003374	-0.210871	-0.08619499	0.0005540336	0.000228152	-0.0002977133	-0.0002550144	-0.002363882	-0.0005583999	-0.007160306	-0.1929599	-0.2160974	0.001453225	0.001703281	-0.001780114	0.002329847	-0.00314108	-0.004859029
1623	0.1654804	-0.1002269	-0.03606439	-0.162094	-0.06974301	-0.0758276	-0.005928114	-0.5583441	-0.2168231	0.09677184	-0.1537022	-0.1683047	-0.004316209	-0.01508444	0.005367284	-0.001050964	-0.004328913	0.001229526	0.07956652	0.1430158	-0.2386391	0.02111322	-0.02023547	-0.04279061	0.001830757	-0.004110544	-0.003904966	-0.08884358	-0.2108104	-0.08681798	0.0007130641	0.0001862685	-0.0003790319	-0.001050964	-0.004328913	0.001229526	-0.00678429	-0.1922915	-0.2166872	0.001183923	0.001444555	-0.001482548	0.001830757	-0.004110544	-0.003904966
1626	0.1650966	-0.09989676	-0.03380871	-0.1634165	-0.06933624	-0.07498646	-0.007376656	-0.5583761	-0.2151978	0.08333415	-0.1615233	-0.1506991	-0.006596581	-0.01326859	0.008426849	-0.001358316	-0.002792723	0.001687036	0.09650387	0.05106458	-0.2507825	0.02006925	-0.0381644	-0.0351288	0.001112075	-0.007565141	-0.001013271	-0.08850601	-0.2105048	-0.08737516	0.0006191908	0.0002160847	-0.00042357	-0.001358316	-0.002792723	0.001687036	-0.00533849	-0.1906767	-0.2181458	0.001249392	0.001487126	-0.001476572	0.001112075	-0.007565141	-0.001013271
1629	0.1653876	-0.09963188	-0.03125787	-0.164095	-0.06898466	-0.07428288	-0.00844495	-0.558317	-0.2135034	0.06864789	-0.1770732	-0.1378872	-0.008619	-0.01383894	0.009523111	-0.001524342	-0.002237129	0.001539343	0.1035174	0.01846677	-0.2709045	0.01680531	-0.03677275	-0.03137711	1.807173E-05	-0.005325944	0.0001779685	-0.08812135	-0.2099246	-0.08774328	0.0005605578	0.0003071189	-0.0004097071	-0.001524342	-0.002237129	0.001539343	-0.003131896	-0.1892144	-0.2194524	0.001488692	0.001480922	-0.001434062	1.807173E-05	-0.005325944	0.0001779685
1633	0.1656755	-0.1010658	-0.02855873	-0.1577893	-0.06118047	-0.07726741	-0.009967402	-0.5590123	-0.2109649	0.06083285	-0.1830112	-0.13271	-0.008418011	-0.0118637	0.008436648	-0.001093009	-0.001184038	0.0008828912	0.1010604	-0.05031636	-0.2678695	0.01198975	-0.04477534	-0.02277407	-0.001190336	-0.005995106	0.002284238	-0.09562957	-0.2179995	-0.08354378	-0.001456636	-0.001788388	0.0007425959	-0.001093009	-0.001184038	0.0008828912	-0.002390593	-0.1887501	-0.2198322	0.001301845	0.001226757	-0.001170497	-0.001190336	-0.005995106	0.002284238
1636	0.1659424	-0.1030564	-0.02583599	-0.1572289	-0.05896044	-0.07739425	-0.01332028	-0.5600256	-0.2085035	0.0554698	-0.1845985	-0.128103	-0.00765427	-0.009294604	0.007479227	-0.0006288214	-0.000245753	0.0004228131	0.07782757	-0.1228589	-0.1738148	0.0031841	-0.05171714	0.006433124	-0.003094166	-0.00623178	0.009014976	-0.0990684	-0.2200671	-0.08130646	-0.001952185	-0.001858183	0.001116277	-0.0006288214	-0.000245753	0.0004228131	-0.001968473	-0.1893952	-0.2192192	0.001081914	0.0007587997	-0.0007246293	-0.003094166	-0.00623178	0.009014976
1639	0.1661662	-0.1033361	-0.02194595	-0.1570728	-0.05778784	-0.07690287	-0.01571399	-0.5602373	-0.204988	0.04953369	-0.2185802	-0.1190765	-0.00722473	-0.01546636	0.007866052	-0.0003642312	-0.001727254	0.0004138161	0.08537335	-0.1898172	-0.2008612	0.004274519	-0.05552744	-0.001936768	-0.002048019	-0.005626408	0.00466876	-0.1014168	-0.2211441	-0.07761502	-0.002051237	-0.001662886	0.001760066	-0.0003642312	-0.001727254	0.0004138161	-0.002222836	-0.1895932	-0.2190406	0.0007478447	0.0005195981	-0.0004988281	-0.002048019	-0.005626408	0.00466876
1643	0.1661371	-0.1047239	-0.01760077	-0.1574118	-0.05831248	-0.07490325	-0.01884966	-0.5618802	-0.201261	0.04211839	-0.2471278	-0.1122818	-0.007272374	-0.01873667	0.007598212	-0.0002850843	-0.002113017	0.0002434021	0.07183624	-0.2265798	-0.1627755	-0.0001783879	-0.05083624	0.008068849	-0.002649241	-0.003047006	0.006002974	-0.1045088	-0.221673	-0.07471466	-0.00231144	-0.001379397	0.00204514	-0.0002850843	-0.002113017	0.0002434021	-0.004665792	-0.189385	-0.2192173	-4.985544E-05	0.0004417484	-0.0004182881	-0.002649241	-0.003047006	0.006002974
1646	0.1637733	-0.1052086	-0.01397681	-0.1604327	-0.05882722	-0.07273912	-0.02346002	-0.5629418	-0.197845	0.03371381	-0.2730694	-0.09459043	-0.007555424	-0.02053792	0.0101215	-0.0002845758	-0.002035076	0.0008133741	0.05519849	-0.2519947	-0.1250107	-0.004293228	-0.04448088	0.01549283	-0.003015641	-0.000696416	0.006358227	-0.1068033	-0.2226916	-0.07251835	-0.002307201	-0.001289194	0.002082933	-0.0002845758	-0.002035076	0.0008133741	-0.005545646	-0.1898816	-0.2187445	-0.0002573551	0.0002071548	-0.0001955201	-0.003015641	-0.000696416	0.006358227
1649	0.1634625	-0.1081257	-0.0117774	-0.1630039	-0.05991995	-0.07050085	-0.02387014	-0.5648841	-0.1934462	0.02420049	-0.2786507	-0.07627797	-0.008044898	-0.01679876	0.01216924	-0.0003358002	-0.000591516	0.001121965	0.03725409	-0.2704152	-0.08142185	-0.007706022	-0.0379658	0.02251684	-0.003114929	0.001106458	0.006524673	-0.1091192	-0.223364	-0.06970191	-0.002309378	-0.001135003	0.00226631	-0.0003358002	-0.000591516	0.001121965	-0.007304192	-0.1915271	-0.2171869	-0.0006326527	-0.0002560103	0.0002427571	-0.003114929	0.001106458	0.006524673
1653	0.1617411	-0.1084329	-0.0078969	-0.1655197	-0.05846292	-0.06745481	-0.02708595	-0.5663639	-0.1870673	0.01049787	-0.2841888	-0.04601717	-0.009459328	-0.01398359	0.01669213	-0.0006054577	0.0002601537	0.001972196	0.0271068	-0.2781577	-0.04559231	-0.008316337	-0.03040995	0.02584502	-0.002488776	0.002718806	0.005725548	-0.1131878	-0.2272898	-0.06590867	-0.002749172	-0.001832687	0.002648042	-0.0006054577	0.0002601537	0.001972196	-0.01076266	-0.1953609	-0.2134402	-0.001339107	-0.00115045	0.001118755	-0.002488776	0.002718806	0.005725548
1656	0.1602545	-0.108983	-0.004384756	-0.1681592	-0.05755442	-0.06442142	-0.03320117	-0.5645409	-0.1861374	0.00468913	-0.2856189	-0.02178502	-0.008546682	-0.01084521	0.01857713	-0.0002259318	0.0009797107	0.001950398	0.01054071	-0.2809003	-0.02272439	-0.01037878	-0.02349313	0.02510074	-0.002382191	0.003768311	0.004108092	-0.1160423	-0.2292969	-0.06101704	-0.00277551	-0.001876297	0.00320894	-0.0002259318	0.0009797107	0.001950398	-0.01541808	-0.1993082	-0.2092779	-0.002168186	-0.00184966	0.001879644	-0.002382191	0.003768311	0.004108092
1659	0.1597439	-0.1100311	-0.001840115	-0.1668247	-0.0558188	-0.06250596	-0.03707497	-0.5633837	-0.1844046	-0.001125732	-0.2855175	-0.01087594	-0.007863727	-0.008108554	0.01666012	1.289809E-06	0.001418947	0.0009835452	0.004966659	-0.2811292	-0.009859324	-0.009177595	-0.01767706	0.02204182	-0.001486348	0.004280251	0.002316339	-0.1211377	-0.2314393	-0.0568924	-0.003355473	-0.00194283	0.003437865	1.289809E-06	0.001418947	0.0009835452	-0.02005973	-0.2043339	-0.2037191	-0.002786552	-0.002643677	0.002799415	-0.001486348	0.004280251	0.002316339
1662	0.1604313	-0.1112671	0.0005176067	-0.1683795	-0.05553597	-0.06037879	-0.04138136	-0.5635856	-0.1833167	-0.007241543	-0.2416431	0.005042076	-0.007426749	0.004887165	0.01647459	0.0001102121	0.004313141	0.0006912772	0.006410937	-0.2728912	-0.007863998	-0.006522127	-0.01119831	0.0170302	-0.0004508941	0.004829875	0.0004843482	-0.1234007	-0.2326058	-0.05102277	-0.00308235	-0.001748746	0.004045806	0.0001102121	0.004313141	0.0006912772	-0.02580813	-0.2088005	-0.1982124	-0.003527012	-0.00309941	0.00347625	-0.0004508941	0.004829875	0.0004843482
1666	0.1595749	-0.1117398	0.001165867	-0.1678042	-0.0534932	-0.05962133	-0.04491489	-0.5631719	-0.1833453	-0.01991026	-0.2353899	0.01120114	-0.00873724	0.005228677	0.01389571	-0.0002449638	0.003320233	-0.0001262625	0.009154731	-0.2812464	-0.02116823	-0.004205647	-0.01048753	0.00944659	0.0002409494	0.003800103	-0.001532641	-0.1263959	-0.2352848	-0.04677272	-0.003060568	-0.001981307	0.004096867	-0.0002449638	0.003320233	-0.0001262625	-0.03007102	-0.2130921	-0.1927245	-0.003710982	-0.003397441	0.003979167	0.0002409494	0.003800103	-0.001532641
1669	0.160375	-0.1121112	0.002720833	-0.1669778	-0.05350232	-0.05866957	-0.04702066	-0.5620331	-0.1841707	-0.02237126	-0.2342354	0.01187778	-0.00716818	0.004210128	0.01059094	0.0002085421	0.002235538	-0.0009208894	0.009154374	-0.2812692	-0.02116537	-0.003154325	-0.007871337	0.007085658	0.0004435426	0.003504124	-0.001739714	-0.128157	-0.236029	-0.04364324	-0.002735703	-0.001672036	0.003855021	0.0002085421	0.002235538	-0.0009208894	-0.03485945	-0.2171675	-0.18701	-0.003980344	-0.00356694	0.004412979	0.0004435426	0.003504124	-0.001739714
1672	0.1600869	-0.1132448	0.002789021	-0.166449	-0.05405527	-0.05825973	-0.04964878	-0.5622454	-0.18435	-0.02460986	-0.2337259	0.01316833	-0.005935786	0.003284979	0.008265846	0.0004645051	0.001445366	-0.001271941	0.009154417	-0.2812895	-0.02116466	-0.002365733	-0.005908599	0.005314422	0.000529805	0.003118778	-0.001747594	-0.1307032	-0.2373152	-0.04105902	-0.002688325	-0.001575579	0.00353732	0.0004645051	0.001445366	-0.001271941	-0.03779963	-0.2202024	-0.1826315	-0.003720303	-0.003433939	0.004404374	0.000529805	0.003118778	-0.001747594
1676	0.1601091	-0.1132685	0.002755404	-0.168219	-0.05474037	-0.05744529	-0.0509285	-0.5619001	-0.1846931	-0.025541	-0.2339335	0.01339769	-0.004684623	0.002411841	0.006256725	0.0006611695	0.0008657401	-0.001456236	0.009151984	-0.2813103	-0.02116418	-0.001774908	-0.004436642	0.003985936	0.00054506	0.002707073	-0.001642817	-0.1297835	-0.2375319	-0.0400393	-0.001786312	-0.00123585	0.002907919	0.0006611695	0.0008657401	-0.001456236	-0.03968611	-0.2223372	-0.1794736	-0.003261849	-0.003109143	0.004092744	0.00054506	0.002707073	-0.001642817
1679	0.1620196	-0.1135695	0.002460718	-0.1693985	-0.05546188	-0.05685759	-0.05169956	-0.5618938	-0.1850257	-0.01309202	-0.2408378	0.006321192	-0.0004012228	8.279725E-05	0.002923418	0.001566727	6.704417E-05	-0.001925504	0.004499582	-0.2728091	-0.006733894	-0.002494281	-0.001202167	0.006597023	0.0002289516	0.002838923	-0.0005793412	-0.1289509	-0.2386129	-0.03947163	-0.001131587	-0.00119715	0.002322858	0.001566727	6.704417E-05	-0.001925504	-0.04145595	-0.2237675	-0.1771717	-0.002888847	-0.002689444	0.003645041	0.0002289516	0.002838923	-0.0005793412
1683	0.1643649	-0.1123659	0.0007219315	-0.1709117	-0.05633473	-0.05650496	-0.0525004	-0.5620643	-0.1851799	-0.02301655	-0.2352792	0.0003311634	-0.00278205	0.001451762	0.0006950563	0.0005798387	0.0003925242	-0.002001218	0.009103634	-0.2813812	-0.02116227	-0.0007196979	-0.003044658	0.001340673	0.0006153595	0.00166857	-0.001748593	-0.1278896	-0.2402007	-0.03987885	-0.0005833824	-0.0012948	0.001640339	0.0005798387	0.0003925242	-0.002001218	-0.04248741	-0.2256711	-0.1743629	-0.002424499	-0.002492974	0.003435983	0.0006153595	0.00166857	-0.001748593
1686	0.1665405	-0.1109493	-0.001809597	-0.1717978	-0.05718136	-0.05642605	-0.05288178	-0.56212	-0.1854279	-0.01085388	-0.2632403	-0.02978778	0.0009541309	-0.005901474	-0.007008444	0.001368924	-0.001543916	-0.003426789	0.006081613	-0.2798446	-0.0444231	-0.001295279	-0.001899349	-0.004809703	0.0003176244	0.001537754	-0.002849039	-0.1266305	-0.240278	-0.03957009	-0.0001227498	-0.0009904341	0.001307442	0.001368924	-0.001543916	-0.003426789	-0.04243982	-0.2252447	-0.1750541	-0.001806476	-0.001763139	0.002404193	0.0003176244	0.001537754	-0.002849039
1689	0.1673396	-0.1093508	-0.006114006	-0.1694053	-0.05765003	-0.05667901	-0.0421491	-0.5662263	-0.180393	-0.007467755	-0.2693292	-0.04716086	0.001562128	-0.005948333	-0.009599604	0.001178693	-0.001169652	-0.003217882	0.02000473	-0.2752795	-0.06958818	0.002509319	-0.0002832393	-0.009898547	0.001189368	0.001557343	-0.00340899	-0.1286507	-0.2412327	-0.04050088	-0.0005971148	-0.00098149	0.0007478851	0.001178693	-0.001169652	-0.003217882	-0.04288894	-0.2245167	-0.1760345	-0.001467137	-0.001140336	0.001558051	0.001189368	0.001557343	-0.00340899
1693	0.1682169	-0.1060397	-0.01459527	-0.1710748	-0.05809015	-0.05705643	-0.03798343	-0.5678698	-0.1804719	0.003620232	-0.2698409	-0.08345795	0.003943593	-0.004589161	-0.01627397	0.001479386	-0.0005374457	-0.004082004	0.02111507	-0.2662468	-0.1026306	0.002159575	0.002045745	-0.01568452	0.0008045897	0.001750253	-0.004003236	-0.126399	-0.2416595	-0.04128504	0.0001150925	-0.0008428172	0.0003648741	0.001479386	-0.0005374457	-0.004082004	-0.04248232	-0.2231382	-0.1779757	-0.0009986972	-0.0005106368	0.0006832371	0.0008045897	0.001750253	-0.004003236
1696	0.1656542	-0.107091	-0.01647687	-0.1723985	-0.05882001	-0.05857158	-0.03856631	-0.5677952	-0.1831217	0.008547215	-0.2515302	-0.1077247	0.004189441	0.001135803	-0.01827216	0.001171001	0.001028157	-0.003561049	0.03682079	-0.2442959	-0.1479518	0.005546112	0.007022033	-0.0230937	0.001450077	0.002556762	-0.004854721	-0.1241818	-0.2418944	-0.04239249	0.0006406128	-0.0006908384	-3.20797E-06	0.001171001	0.001028157	-0.003561049	-0.04015353	-0.218508	-0.1845887	-0.0001668271	0.0007745743	-0.001140826	0.001450077	0.002556762	-0.004854721
1699	0.168334	-0.1071187	-0.02829838	-0.173026	-0.05894142	-0.06063843	-0.03899065	-0.5673149	-0.1859314	0.01828945	-0.2538545	-0.1470983	0.005577638	0.0002707888	-0.02354753	0.0012253	0.0005548641	-0.003989629	0.05073305	-0.2014325	-0.1857839	0.007637648	0.01598239	-0.02677828	0.001610442	0.004157661	-0.004562186	-0.12095	-0.2409788	-0.042171	0.0012884	-0.0002892247	5.296674E-05	0.0012253	0.0005548641	-0.003989629	-0.03651699	-0.2138097	-0.1910717	0.0007840144	0.001755511	-0.002476389	0.001610442	0.004157661	-0.004562186
1702	0.16763	-0.1045829	-0.0375483	-0.1740597	-0.05922055	-0.06496811	-0.03993945	-0.5671032	-0.190985	0.02354198	-0.1977146	-0.1526389	0.005496362	0.01423806	-0.0190458	0.0008986561	0.003907965	-0.001866789	0.04519625	-0.1217516	-0.174902	0.004344036	0.031907	-0.01736323	0.0003844281	0.007099397	-0.001067878	-0.1167121	-0.2376558	-0.04131341	0.00202578	0.0006138138	0.0002541229	0.0008986561	0.003907965	-0.001866789	-0.03285152	-0.2079044	-0.1984994	0.00150438	0.002792958	-0.003714215	0.0003844281	0.007099397	-0.001067878
1706	0.1638211	-0.1049406	-0.03790379	-0.174264	-0.05968666	-0.06714106	-0.03982797	-0.5670159	-0.1941473	0.04593951	-0.1309363	-0.1868954	0.009721654	0.02737311	-0.02284846	0.001730315	0.006214737	-0.002350758	0.03550531	-0.1158164	-0.1814792	0.0008352937	0.02541406	-0.01466674	-0.0005888645	0.003701312	-0.000126785	-0.1146006	-0.2367231	-0.04243445	0.002047224	0.0006935486	-8.966883E-05	0.001730315	0.006214737	-0.002350758	-0.02841607	-0.2031201	-0.2043009	0.002237147	0.003290798	-0.004236021	-0.0005888645	0.003701312	-0.000126785
1709	0.1603036	-0.1049858	-0.03974771	-0.1746479	-0.05978739	-0.07004452	-0.04003361	-0.5668263	-0.1973846	0.04725245	-0.1228969	-0.1968803	0.007619476	0.02253969	-0.01963259	0.0007721918	0.003452699	-0.0009591	0.055043	-0.0352993	-0.2087523	0.005510893	0.03918982	-0.01781832	0.0007272516	0.006219925	-0.0008829837	-0.1123833	-0.2354426	-0.04317093	0.002089741	0.0008402831	-0.0002513704	0.0007721918	0.003452699	-0.0009591	-0.0240902	-0.1971021	-0.210911	0.002759327	0.003972587	-0.004829555	0.0007272516	0.006219925	-0.0008829837
1713	0.1574713	-0.1049999	-0.04018736	-0.175132	-0.05934942	-0.07113099	-0.0401717	-0.5666758	-0.1985512	0.06587922	-0.09100163	-0.2542665	0.0103713	0.02487858	-0.02907098	0.001267099	0.003174247	-0.003078923	0.06489502	0.0198192	-0.2075311	0.006596174	0.04317199	-0.01305844	0.0008167588	0.005660486	0.0005277308	-0.109735	-0.2341325	-0.04463315	0.002229379	0.0009577473	-0.000554083	0.001267099	0.003174247	-0.003078923	-0.02017534	-0.1934258	-0.2149243	0.003048211	0.003898521	-0.004625491	0.0008167588	0.005660486	0.0005277308
1716	0.1532384	-0.1074115	-0.04210877	-0.176249	-0.05918366	-0.07342219	-0.04149392	-0.5669551	-0.201153	0.08314807	-0.0310331	-0.2843211	0.01209569	0.03365107	-0.02931688	0.001381422	0.004573806	-0.002370666	0.07143746	0.1049748	-0.2608418	0.006582739	0.0536679	-0.02312152	0.0006092105	0.006869343	-0.002119971	-0.1064959	-0.2320884	-0.04620457	0.002481801	0.001229331	-0.0008084165	0.001381422	0.004573806	-0.002370666	-0.01905531	-0.1904139	-0.2178118	0.002566166	0.003676854	-0.00419099	0.0006092105	0.006869343	-0.002119971
1719	0.1507435	-0.1081182	-0.04366851	-0.1767311	-0.05860746	-0.07449603	-0.04243329	-0.5675739	-0.2025113	0.09012236	0.01953155	-0.2828221	0.01081534	0.03787946	-0.02161292	0.0007159793	0.004487453	0.0001479888	0.06413364	0.1525379	-0.236926	0.0031111	0.0521417	-0.01136217	-0.000411002	0.004770456	0.001349859	-0.1038998	-0.2295204	-0.04715037	0.002510378	0.001563992	-0.000842764	0.0007159793	0.004487453	0.0001479888	-0.01404086	-0.1861566	-0.2220149	0.003178237	0.003821971	-0.004194013	-0.000411002	0.004770456	0.001349859
1723	0.1495077	-0.1081841	-0.04512763	-0.1776313	-0.05858672	-0.07523036	-0.04353032	-0.5680367	-0.2038455	0.09156774	0.05420882	-0.2773259	0.008472848	0.03707891	-0.01483563	-4.863821E-05	0.003165452	0.001805316	0.0554679	0.1889318	-0.2097026	0.0001668916	0.04820475	-0.00171579	-0.001044304	0.002593605	0.003423989	-0.1013273	-0.228445	-0.0481689	0.00252591	0.001441856	-0.0008867041	-4.863821E-05	0.003165452	0.001805316	-0.01359841	-0.1838662	-0.2240124	0.002494289	0.003439085	-0.003644877	-0.001044304	0.002593605	0.003423989
1726	0.148441	-0.1077134	-0.04603386	-0.1784284	-0.05844671	-0.07564664	-0.04437791	-0.567732	-0.204983	0.09086389	0.08256438	-0.2699413	0.006178673	0.03489808	-0.009280585	-0.0006100222	0.00182888	0.002742747	0.04374637	0.2127979	-0.186691	-0.002805215	0.04212009	0.004466049	-0.001526254	0.0004240394	0.004113452	-0.09924644	-0.2279201	-0.04933739	0.002414647	0.001212612	-0.0009571504	-0.0006100222	0.00182888	0.002742747	-0.01104507	-0.1826944	-0.2251656	0.002509053	0.002872248	-0.003021966	-0.001526254	0.0004240394	0.004113452
1729	0.1471241	-0.1063389	-0.04613853	-0.1790495	-0.05812633	-0.07555962	-0.04502492	-0.5672589	-0.2057321	0.0915266	0.09928688	-0.2635846	0.004799682	0.03035418	-0.00537126	-0.0008022645	0.0002356868	0.003034392	0.03466717	0.2255499	-0.1717763	-0.004373711	0.03477805	0.007078225	-0.001536815	-0.001517481	0.003738133	-0.09568954	-0.2265555	-0.04984236	0.002700212	0.001250598	-0.0008441054	-0.0008022645	0.0002356868	0.003034392	-0.01134071	-0.1813217	-0.2262964	0.00180788	0.002497382	-0.002549179	-0.001536815	-0.001517481	0.003738133
1732	0.1466521	-0.1059633	-0.04641747	-0.1793685	-0.05871946	-0.07521892	-0.04529627	-0.5672132	-0.2063675	0.09189907	0.1134229	-0.2572472	0.003692879	0.02629965	-0.002444094	-0.0008783992	-0.0008368687	0.003007585	0.02641775	0.2391585	-0.1518973	-0.005342637	0.02948568	0.01027841	-0.001394843	-0.002461203	0.003603647	-0.09128433	-0.2262451	-0.050421	0.003126459	0.001015554	-0.0007777396	-0.0008783992	-0.0008368687	0.003007585	-0.008425415	-0.1807826	-0.2268953	0.002084733	0.00200781	-0.002061611	-0.001394843	-0.002461203	0.003603647
1736	0.1465097	-0.1054528	-0.04654455	-0.1793788	-0.05925548	-0.07487106	-0.04484719	-0.5674486	-0.2075725	0.09152799	0.1207775	-0.2537632	0.00267689	0.02156337	-0.0009620675	-0.0009127965	-0.001811722	0.002626195	0.02318458	0.2417004	-0.1478834	-0.004815271	0.02274974	0.008712285	-0.0009142904	-0.003529888	0.002311203	-0.08885652	-0.227138	-0.05136466	0.002951798	0.0005384535	-0.0008192199	-0.0009127965	-0.001811722	0.002626195	-0.009776711	-0.1800345	-0.2274425	0.001225726	0.001692867	-0.001683001	-0.0009142904	-0.003529888	0.002311203
1739	0.1463554	-0.1047637	-0.04694605	-0.179187	-0.05995131	-0.07486248	-0.04412523	-0.5673755	-0.2086039	0.09152669	0.1233194	-0.2524443	0.002007343	0.01680802	-0.0003918178	-0.0008519841	-0.002547627	0.002112209	0.0190585	0.2464613	-0.1395195	-0.004642975	0.01825255	0.008625205	-0.0006426438	-0.003771713	0.001711632	-0.08690912	-0.2271105	-0.05157518	0.002700699	0.0004107096	-0.0006670458	-0.0008519841	-0.002547627	0.002112209	-0.009349644	-0.1803993	-0.2271671	0.001026061	0.001178448	-0.001193407	-0.0006426438	-0.003771713	0.001711632
1743	0.1462091	-0.1042611	-0.04696846	-0.179077	-0.06029427	-0.07461095	-0.04390797	-0.567047	-0.2095182	0.09182638	0.1233287	-0.2523241	0.001580429	0.01260833	-0.0002638226	-0.0007457167	-0.002960645	0.001616155	0.01522649	0.2484335	-0.1360888	-0.004440233	0.01418246	0.007326555	-0.0004312972	-0.003846307	0.0009590616	-0.08580235	-0.2276563	-0.05180025	0.002302217	0.0001715748	-0.0005565512	-0.0007457167	-0.002960645	0.001616155	-0.007537156	-0.1849806	-0.2234187	0.001222668	-0.0002614823	4.204863E-05	-0.0004312972	-0.003846307	0.0009590616
1746	0.1453287	-0.09928411	-0.06053352	-0.1789975	-0.06070566	-0.07436419	-0.04387277	-0.5670092	-0.2110937	0.0972435	0.1209407	-0.2514987	0.002539602	0.00885926	8.484349E-06	-0.0003194941	-0.00315775	0.001280193	0.003761724	0.2503597	-0.1232846	-0.006196366	0.01111839	0.008695983	-0.0007625063	-0.003650747	0.001061653	-0.08348677	-0.2284957	-0.05215907	0.002305558	-8.116449E-05	-0.0005071184	-0.0003194941	-0.00315775	0.001280193	-0.009951591	-0.1843576	-0.2184591	0.0003133919	-4.034986E-05	0.001271432	-0.0007625063	-0.003650747	0.001061653
1749	0.1459257	-0.1019058	-0.0575943	-0.1788931	-0.06098944	-0.07428312	-0.04380134	-0.5671508	-0.2127278	0.09709062	0.08624482	-0.2536075	0.00186648	-0.002029536	-0.0005208398	-0.0004079011	-0.005090512	0.000827814	-0.00327684	0.2559244	-0.1213284	-0.006406915	0.009729967	0.007011044	-0.000624517	-0.003085167	0.0003750052	-0.08170277	-0.2305045	-0.05325222	0.002175168	-0.0005630648	-0.000653626	-0.0004079011	-0.005090512	0.000827814	-0.01123512	-0.1818163	-0.2114694	-8.583767E-05	0.0006050486	0.002701004	-0.000624517	-0.003085167	0.0003750052
1753	0.1490703	-0.1031494	-0.05246782	-0.1759439	-0.06126744	-0.0702467	-0.04059863	-0.5674477	-0.2100687	0.09688786	0.04485381	-0.2557359	0.00134917	-0.01186991	-0.0009227205	-0.0004352533	-0.006277976	0.0005203903	-0.01380004	0.2550159	-0.1234837	-0.007435987	0.007070336	0.004719457	-0.0007256556	-0.002978783	-0.0002916429	-0.08006176	-0.2325657	-0.05407143	0.002041627	-0.0009376031	-0.0006950211	-0.0004352533	-0.006277976	0.0005203903	-0.01225263	-0.180876	-0.2018023	-0.000318756	0.000688856	0.004442542	-0.0007256556	-0.002978783	-0.0002916429
1756	0.1496678	-0.102597	-0.05390739	-0.175505	-0.0620175	-0.07130933	-0.03979699	-0.5673819	-0.2119856	0.1024389	0.01879346	-0.2786379	0.002399632	-0.01541751	-0.006417544	-6.38245E-05	-0.005595384	-0.0009834131	-0.03281248	0.2384627	-0.118167	-0.0103301	0.001164469	0.004868746	-0.00126777	-0.003710554	-0.0001814098	-0.07694015	-0.2402196	-0.05727577	0.002311624	-0.002616675	-0.001322352	-6.38245E-05	-0.005595384	-0.0009834131	-0.01536345	-0.1766664	-0.1953142	-0.001016774	0.001569055	0.004953928	-0.00126777	-0.003710554	-0.0001814098
1759	0.1497879	-0.102701	-0.0555222	-0.1755731	-0.06234902	-0.07172179	-0.03871763	-0.5674474	-0.2141657	0.0965971	-0.0499419	-0.2591407	0.00033928	-0.02874698	6.113108E-05	-0.0005629564	-0.007528903	0.0008821089	-0.03987573	0.2120594	-0.130652	-0.009513388	-0.005727468	0.0005303328	-0.0007466496	-0.0045059	-0.001220661	-0.07529831	-0.2421083	-0.05860996	0.002144178	-0.002434702	-0.001325312	-0.0005629564	-0.007528903	0.0008821089	-0.01708606	-0.1772373	-0.1907439	-0.001193231	0.001034072	0.004858007	-0.0007466496	-0.0045059	-0.001220661
1763	0.1499623	-0.1026308	-0.05582333	-0.1753331	-0.06229717	-0.07154894	-0.03792024	-0.5686299	-0.2157521	0.08881964	-0.1214727	-0.2311902	-0.001689905	-0.03944293	0.007033479	-0.0009295136	-0.008320667	0.002404669	-0.03896598	0.2066901	-0.1875216	-0.006907603	-0.005637935	-0.01381966	9.145925E-05	-0.003357042	-0.004502993	-0.07472429	-0.2429117	-0.0588479	0.001751639	-0.002026864	-0.001053469	-0.0009295136	-0.008320667	0.002404669	-0.01358789	-0.204496	-0.2049468	-2.03817E-05	-0.006039127	9.279698E-05	9.145925E-05	-0.003357042	-0.004502993
1766	0.14966	-0.1013262	-0.05529571	-0.1741532	-0.06283873	-0.07126546	-0.03606702	-0.5683752	-0.2158163	0.07508247	-0.1617444	-0.1922281	-0.004701721	-0.03965011	0.01501564	-0.001450089	-0.006292295	0.003799042	-0.02973245	0.1898781	-0.215767	-0.002872321	-0.008431458	-0.01742611	0.001077415	-0.003216162	-0.004278857	-0.07338262	-0.2429028	-0.05612826	0.001649147	-0.001517921	-0.0001101918	-0.001450089	-0.006292295	0.003799042	-0.01830474	-0.1839813	-0.1764328	-0.001194497	0.0005993177	0.007198075	0.001077415	-0.003216162	-0.004278857
1769	0.1480213	-0.1246732	-0.06476736	-0.1720342	-0.06296605	-0.06821251	-0.03392158	-0.5703415	-0.2166121	0.07683966	-0.1818093	-0.1583843	-0.003086994	-0.03475382	0.01972267	-0.0006838851	-0.003495148	0.004026039	-0.03736296	0.0894739	-0.2071249	-0.004061868	-0.03142464	-0.01090906	0.0005106744	-0.008160416	-0.001579881	-0.07360041	-0.2445683	-0.05392218	0.001182411	-0.001554809	0.000468878	-0.0006838851	-0.003495148	0.004026039	-0.01688799	-0.18032	-0.179899	-0.0005416871	0.001364822	0.004532024	0.0005106744	-0.008160416	-0.001579881
1772	0.168234	-0.06104451	-0.04115987	-0.1715277	-0.06395656	-0.06494093	-0.03164324	-0.5677499	-0.2135477	0.04759428	-0.249514	-0.1488566	-0.00962659	-0.04299153	0.01717392	-0.002147813	-0.004680787	0.002382343	-0.05557194	0.03187031	-0.2091568	-0.007598645	-0.03796938	-0.008689746	-0.0005011884	-0.007756497	-0.0006300824	-0.07360303	-0.2432251	-0.04572654	0.000886153	-0.0008303088	0.002400568	-0.002147813	-0.004680787	0.002382343	-0.02922732	-0.1312885	-0.1758597	-0.003491096	0.01328149	0.00440884	-0.0005011884	-0.007756497	-0.0006300824
1776	0.17026	-0.06292099	-0.03632474	-0.1712431	-0.06472951	-0.06016469	-0.02901232	-0.5644369	-0.2082639	0.04180209	-0.2602627	-0.1293359	-0.008667991	-0.03493083	0.01776063	-0.00137121	-0.001495415	0.001933434	-0.0554316	0.05080129	-0.2409506	-0.0056639	-0.02374429	-0.01446577	0.000107795	-0.002261099	-0.001916567	-0.07163429	-0.2387653	-0.03681755	0.0011568	0.0004922031	0.004027673	-0.00137121	-0.001495415	0.001933434	-0.002985448	-0.1265515	-0.2374198	0.003942145	0.01114537	-0.01208341	0.000107795	-0.002261099	-0.001916567
1779	0.1732578	-0.06496453	-0.03292823	-0.1693709	-0.06527567	-0.05810618	-0.02681816	-0.5644701	-0.2056763	0.03567058	-0.263697	-0.123457	-0.00803387	-0.02705671	0.01479021	-0.0008698772	0.0008469678	0.0007074689	-0.09531071	0.1408366	-0.234865	-0.0142177	0.004700616	-0.009327917	-0.002057604	0.0054154	-0.0001529627	-0.07886344	-0.2462108	-0.04690742	-0.0009396872	-0.001492226	0.0004982862	-0.0008698772	0.0008469678	0.0007074689	-0.00617668	-0.1340902	-0.2499368	0.002158801	0.006474363	-0.0121918	-0.002057604	0.0054154	-0.0001529627
1783	0.1805261	-0.06711817	-0.02917457	-0.1637598	-0.06389189	-0.05300403	-0.01966438	-0.5644581	-0.201004	0.03079669	-0.2534453	-0.1252055	-0.007243874	-0.0177296	0.01065551	-0.0004549089	0.002967003	-0.0005030714	-0.08061673	0.1637281	-0.1782587	-0.00698978	0.009248331	0.007155635	0.0002637772	0.005198479	0.004006166	-0.07883549	-0.2458733	-0.0513494	-0.0006977768	-0.001034792	-0.0007367795	-0.0004549089	0.002967003	-0.0005030714	0.0480051	-0.04562967	-0.2841706	0.01516455	0.0269709	-0.0177023	0.0002637772	0.005198479	0.004006166
1786	0.1821294	-0.06740469	-0.0272181	-0.1633169	-0.06272405	-0.05072069	-0.01663356	-0.5620962	-0.1970768	0.03003874	-0.2325423	-0.1297858	-0.005622393	-0.008071459	0.006846569	6.418867E-05	0.004639788	-0.001329539	-0.09657642	0.2244347	-0.1497974	-0.009232258	0.0221129	0.01248203	-0.0003627867	0.007115002	0.004336223	-0.07293639	-0.2474362	-0.05444717	0.0009514428	-0.001166817	-0.001327028	6.418867E-05	0.004639788	-0.001329539	-0.02320108	-0.01862639	-0.2170136	-0.006428136	0.02697899	0.003512532	-0.0003627867	0.007115002	0.004336223
1789	0.1634482	-0.07940269	-0.04120159	-0.160887	-0.06176901	-0.0486846	-0.01544379	-0.5624058	-0.1952081	0.05532404	-0.1786085	-0.1262929	0.002104531	0.007429863	0.006008135	0.001979872	0.007355171	-0.001206763	-0.09980991	0.2428794	-0.1097701	-0.007732567	0.02119584	0.01936837	0.0001028328	0.005106986	0.004973752	-0.1039693	-0.2479968	-0.1135879	-0.007044648	-0.001015266	-0.01578044	0.001979872	0.007355171	-0.001206763	0.07483965	0.07618871	-0.2404153	0.01968908	0.04393802	-0.003216036	0.0001028328	0.005106986	0.004973752
1793	0.1607056	-0.07679224	-0.03825569	-0.1584696	-0.0639593	-0.05030465	-0.01407725	-0.5618957	-0.1935205	0.06620251	-0.1434049	-0.1584227	0.004298014	0.01437331	-0.00352634	0.002033275	0.007252239	-0.003288691	-0.08647241	0.2021136	-0.04575944	-0.002465048	0.005705439	0.03052893	0.001394004	-4.236074E-05	0.006520455	-0.1005714	-0.2290111	-0.1336675	-0.004434016	0.00398498	-0.01685523	0.002033275	0.007252239	-0.003288691	0.08312291	0.116097	-0.1971407	0.01683762	0.0429306	0.008406634	0.001394004	-4.236074E-05	0.006520455
1796	0.1367718	-0.05714238	-0.02796745	-0.14069	-0.07219407	-0.0507884	0.002744064	-0.5569622	-0.1894855	0.1077828	-0.1064948	-0.1895146	0.01361859	0.02000749	-0.01041774	0.0038551	0.006847726	-0.004189367	-0.1253208	0.2321582	0.008820057	-0.01156089	0.01179023	0.03654157	-0.001228457	0.001489428	0.006393502	-0.08602709	-0.1812219	-0.146096	0.0003105728	0.01493605	-0.01574856	0.0038551	0.006847726	-0.004189367	0.1078202	0.1771307	-0.1816659	0.01880254	0.04745635	0.01017367	-0.001228457	0.001489428	0.006393502
1799	0.1427888	-0.05098629	-0.0260818	-0.1332432	-0.07274354	-0.05159092	0.01646924	-0.5521482	-0.1842687	0.1111555	-0.06981885	-0.1818736	0.01105711	0.02417461	-0.005903034	0.002250955	0.006177574	-0.00201335	-0.1203056	0.2113597	0.008748055	-0.007416872	0.003643056	0.02738818	0.0001146614	-0.0009197231	0.002506778	-0.08686087	-0.1817538	-0.1641753	2.44847E-05	0.01106906	-0.01633124	0.002250955	0.006177574	-0.00201335	0.1077895	0.198432	-0.09474874	0.01409423	0.04091761	0.02935955	0.0001146614	-0.0009197231	0.002506778
1803	0.1513483	-0.04872543	-0.0252018	-0.1303122	-0.06975907	-0.054039	0.02473961	-0.5495405	-0.178417	0.1136682	-0.06318513	-0.1826966	0.008921001	0.01978939	-0.00463303	0.001154189	0.003536875	-0.001192511	-0.1690954	0.2127782	0.046556	-0.01776009	0.003086903	0.02999312	-0.002499808	-0.0008288308	0.002531318	-0.0732702	-0.1693138	-0.1842959	0.00341603	0.0114118	-0.01727858	0.001154189	0.003536875	-0.001192511	0.1185553	0.2538783	-0.01212692	0.01326212	0.04454976	0.04267511	-0.002499808	-0.0008288308	0.002531318
1806	0.1534807	-0.03969747	-0.02364802	-0.1297516	-0.06559327	-0.05352783	0.03119648	-0.5466704	-0.1729603	0.1194878	-0.06241488	-0.1789358	0.008145654	0.0150346	-0.002534569	0.0006718052	0.001463959	-0.0003697682	-0.1744831	0.208485	0.04635286	-0.01466699	0.001241884	0.02244406	-0.001101582	-0.001082878	1.122325E-05	-0.04207492	-0.1289298	-0.1882756	0.01036084	0.01865485	-0.01395386	0.0006718052	0.001463959	-0.0003697682	0.08004889	0.1903164	-0.01420116	0.0003199894	0.01752187	0.03148777	-0.001101582	-0.001082878	1.122325E-05
1809	0.1550594	-0.03342688	-0.02187467	-0.1646548	-0.04965121	-0.0550108	0.0343933	-0.5441019	-0.1623936	0.1246907	-0.06085217	-0.1756325	0.007409967	0.01166663	-0.001075105	0.0003199321	0.0002559767	8.753999E-05	-0.1793031	0.2049577	0.04450417	-0.01220524	4.957698E-05	0.01637087	-0.0002107489	-0.001110235	-0.00150988	-0.001585156	-0.1427772	-0.1865044	0.01789307	0.01052928	-0.01002259	0.0003199321	0.0002559767	8.753999E-05	0.09904733	0.1804462	-0.0343461	0.004989603	0.01067383	0.01857959	-0.0002107489	-0.001110235	-0.00150988
1812	0.1473576	-0.0249384	-0.02432489	-0.1764845	-0.05177853	-0.05644512	0.03994972	-0.5430382	-0.1539776	0.1352904	-0.06582054	-0.1649666	0.008207397	0.007507879	0.001860145	0.0004393066	-0.0008477055	0.0007994674	-0.1840286	0.2030915	0.03625417	-0.01033531	-0.0004293503	0.01021565	0.0003094213	-0.0009524081	-0.002671214	0.0142397	-0.1382819	-0.1841908	0.01737602	0.009020792	-0.006938539	0.0004393066	-0.0008477055	0.0007994674	0.06859046	0.1933388	0.007038116	-0.003872016	0.01122852	0.02428075	0.0003094213	-0.0009524081	-0.002671214
1816	0.1472044	-0.000870347	-0.01358795	-0.1910169	-0.05334106	-0.03819418	0.06842142	-0.5178996	-0.1200769	0.1582926	-0.07137209	-0.1377945	0.01190611	0.004243023	0.008188131	0.001254159	-0.001451993	0.002181597	-0.2084304	0.1853947	-0.001693726	-0.01385192	-0.00474622	-0.001825233	-0.0006470876	-0.001793523	-0.005013632	0.08672515	-0.07416949	-0.1946895	0.03115337	0.02279369	-0.007828595	0.001254159	-0.001451993	0.002181597	0.02470547	0.2031307	0.04717684	-0.01387526	0.01086937	0.02824524	-0.0006470876	-0.001793523	-0.005013632
1819	0.1446379	-0.01990387	-0.02362919	-0.1873755	-0.06190923	-0.03886509	0.07740572	-0.5310544	-0.1152782	0.1641536	-0.0841879	-0.1211495	0.01039482	-2.168375E-05	0.01030234	0.0005627952	-0.002155172	0.002164749	-0.2084755	0.1848941	-0.03627062	-0.01040024	-0.003684805	-0.01001315	0.0003776058	-0.001079789	-0.005807203	0.05507556	-0.1867868	-0.1756995	0.01545263	-0.01105907	-0.001123936	0.0005627952	-0.002155172	0.002164749	0.0519163	0.199733	-0.003022909	-0.003603737	0.007302614	0.008633997	0.0003776058	-0.001079789	-0.005807203
1823	0.1466222	-0.01072082	-0.02391911	-0.1843597	-0.06077111	-0.03746486	0.08255081	-0.5635441	-0.06253529	0.1535897	-0.1029456	-0.1208928	0.005155154	-0.004705688	0.007790947	-0.0008878194	-0.00278738	0.0009957143	-0.07150783	0.06156883	-0.02929997	0.02644175	-0.03359493	-0.0057672	0.009493701	-0.008287374	-0.003293915	0.04926276	-0.2149875	-0.1583757	0.01013628	-0.01534447	0.003487981	-0.0008878194	-0.00278738	0.0009957143	0.05280504	0.2216801	-0.03347111	-0.002480619	0.01096372	-0.001136552	0.009493701	-0.008287374	-0.003293915
1826	0.1501552	0.02064514	-0.02361107	-0.1664929	-0.06794077	-0.01740885	0.1189477	-0.5424802	-0.03793311	0.1409223	-0.134586	-0.1021507	0.0006995113	-0.01143936	0.01052873	-0.001779775	-0.003773953	0.001431232	-0.2056027	0.1753269	-0.08576584	-0.01369241	0.003243331	-0.01844187	-0.002913264	0.002994035	-0.005639103	0.04998973	-0.2056158	-0.1369441	0.007783949	-0.00916543	0.007973907	-0.001779775	-0.003773953	0.001431232	0.04311901	0.2641682	-0.09636354	-0.00428197	0.01884483	-0.01657552	-0.002913264	0.002994035	-0.005639103
1829	0.154775	0.02100989	-0.02076221	-0.1620294	-0.06690496	-0.01452827	0.1245925	-0.5452918	-0.03497672	0.1266391	-0.1627853	-0.105684	-0.003046165	-0.01562936	0.007013207	-0.002271251	-0.003877964	0.0001945429	-0.1776003	0.119263	-0.07809186	-0.003268695	-0.01158348	-0.01191291	0.0004209804	-0.001461177	-0.002597087	0.04340363	-0.2278422	-0.1242154	0.004191436	-0.01243066	0.009162603	-0.002271251	-0.003877964	0.0001945429	0.04737067	0.235136	-0.1580806	-0.002148563	0.006875569	-0.0278609	0.0004209804	-0.001461177	-0.002597087
1833	0.1738483	0.01545238	-0.02849674	-0.1441953	-0.1085184	0.009350777	0.1575308	-0.5500126	-0.0248723	0.1152854	-0.1668586	-0.09037566	-0.005123053	-0.01274035	0.009087	-0.00222266	-0.002186221	0.0006643553	-0.2269285	0.1373138	-0.1029141	-0.01478358	-0.004174922	-0.01514024	-0.002562985	0.0007562576	-0.002754649	0.05065101	-0.2084503	-0.1319227	0.004955424	-0.004475025	0.004945113	-0.00222266	-0.002186221	0.0006643553	0.03652945	0.1571409	-0.187964	-0.004321727	-0.0143421	-0.02836652	-0.002562985	0.0007562576	-0.002754649
1836	0.1663734	0.01113084	-0.03619361	-0.1412186	-0.07148144	0.009049177	0.1520612	-0.5530389	-0.02948856	0.1057365	-0.1781408	-0.08814549	-0.006229506	-0.0123758	0.007372792	-0.001943608	-0.00154853	6.97145E-05	-0.2285299	0.0976173	-0.1163301	-0.01148802	-0.01305531	-0.01470919	-0.001098351	-0.001652905	-0.001958225	0.04235747	-0.2552062	-0.1388433	0.001643183	-0.01504524	0.001978691	-0.001943608	-0.00154853	6.97145E-05	0.03196397	0.1315011	-0.1746054	-0.004382664	-0.01716653	-0.01793524	-0.001098351	-0.001652905	-0.001958225
1839	0.1631276	0.01095968	-0.03881669	-0.141807	-0.07911092	0.006958008	0.1510238	-0.553599	-0.03092074	0.1033894	-0.18114	-0.08816051	-0.005258904	-0.01003164	0.005525839	-0.001215056	-0.0005753568	-0.0004094524	-0.235693	0.06894186	-0.1100335	-0.01040681	-0.01696034	-0.009457735	-0.0005534586	-0.002215936	-0.0001558044	-0.02211878	-0.1746808	-0.1341522	-0.01488668	0.008847414	0.002656799	-0.001215056	-0.0005753568	-0.0004094524	0.07511979	-0.06579198	-0.2142239	0.007501957	-0.06219816	-0.02335605	-0.0005534586	-0.002215936	-0.0001558044
1843	0.1574816	0.01237297	-0.04849148	-0.1400671	-0.1424614	0.01628208	0.1691815	-0.5511261	-0.03136635	0.1131552	-0.1835469	-0.08520293	-0.001502735	-0.008125456	0.004883775	2.775062E-05	4.502901E-05	-0.0004676053	-0.2404025	0.0295063	-0.09939432	-0.00898249	-0.02257915	-0.004433504	-5.901488E-05	-0.003066653	0.001139204	0.02828953	-0.2099018	-0.02252531	0.00143707	-0.002169689	0.02989932	2.775062E-05	4.502901E-05	-0.0004676053	0.01130587	-0.06527829	-0.2837334	-0.01032701	-0.0465202	-0.03489442	-5.901488E-05	-0.003066653	0.001139204
1846	0.1657453	0.0147486	-0.05026841	-0.1308275	-0.1447803	0.0167594	0.1791445	-0.548929	-0.03206801	0.1098912	-0.1856509	-0.08671641	-0.001943048	-0.006620103	0.003284461	-8.926535E-05	0.00041011	-0.0007505325	-0.2372874	0.02252239	-0.09897685	-0.005958069	-0.01868034	-0.00322076	0.000711844	-0.001325287	0.001157589	0.02391899	-0.2103171	-0.01645184	-1.483271E-05	-0.001731105	0.02394286	-8.926535E-05	0.00041011	-0.0007505325	0.01938364	-0.1028284	-0.2362936	-0.005725817	-0.04427768	-0.01431086	0.000711844	-0.001325287	0.001157589
1849	0.1670515	0.01493832	-0.05199385	-0.1288616	-0.148864	0.01760101	0.1852709	-0.5479049	-0.03271532	0.1066205	-0.1847856	-0.09080052	-0.002274968	-0.004748742	0.001442318	-0.0001499292	0.0007754228	-0.001023435	-0.2628845	0.01319128	-0.1105597	-0.01086783	-0.01634303	-0.005311283	-0.0006935571	-0.0004096389	0.0003455612	0.02207446	-0.2097592	-0.002946138	-0.0004722559	-0.001158839	0.02133357	-0.0001499292	0.0007754228	-0.001023435	-0.02324602	-0.1446507	-0.2064676	-0.01495178	-0.04366384	-0.003276663	-0.0006935571	-0.0004096389	0.0003455612
1853	0.1701342	0.01573548	-0.05683684	-0.1224529	-0.1613615	0.01836991	0.1808994	-0.560003	-0.004463434	0.1068258	-0.183195	-0.09023237	-0.001654907	-0.003163919	0.001223776	4.256857E-05	0.0009777728	-0.0008222117	-0.2638613	0.009900004	-0.1083376	-0.00839508	-0.01308009	-0.003427947	9.801966E-05	0.0005085054	0.000730005	0.01832283	-0.2089809	0.00591135	-0.001292101	-0.0006745538	0.01821455	4.256857E-05	0.0009777728	-0.0008222117	-0.03498265	-0.1807432	-0.2050884	-0.01414799	-0.041771	-0.002112684	9.801966E-05	0.0005085054	0.000730005
1856	0.1627922	0.01729986	-0.06609273	-0.1190055	-0.164262	0.01733565	0.1843286	-0.5606788	-0.00615859	0.1108588	-0.1709701	-0.09221053	-0.0002329265	0.0006833037	0.0004232925	0.0003874215	0.001695135	-0.0008167797	-0.2670809	-0.003666133	-0.09959555	-0.007101218	-0.0132016	-0.0003854367	0.0003969801	0.0003510014	0.001308131	0.01557824	-0.2074071	0.01683378	-0.001655222	-0.0001124614	0.01639152	0.0003874215	0.001695135	-0.0008167797	-0.04583538	-0.1985262	-0.1631935	-0.01332418	-0.035774	0.008889215	0.0003969801	0.0003510014	0.001308131
1859	0.1595048	0.01892164	-0.07106113	-0.1161316	-0.1669806	0.01607108	0.187239	-0.5618322	-0.007540226	0.1177593	-0.14038	-0.1250501	0.001550441	0.00816	-0.007892415	0.0007364079	0.003140525	-0.002691512	-0.2742511	-0.03431055	-0.0639348	-0.007118456	-0.01756231	0.008626108	0.0002934256	-0.0008269249	0.003233985	0.01182896	-0.206226	0.02345324	-0.002178737	0.000210913	0.0139485	0.0007364079	0.003140525	-0.002691512	-0.05589619	-0.2070413	-0.1166818	-0.01250834	-0.02895927	0.01829482	0.0002934256	-0.0008269249	0.003233985
1863	0.1499806	0.02579904	-0.07715559	-0.1073253	-0.184818	0.02463961	0.1875213	-0.5607355	-0.01874256	0.1249314	-0.1408901	-0.1163633	0.002955852	0.005992461	-0.003747616	0.0009036587	0.001813509	-0.000982434	-0.2763612	-0.03701869	-0.04769921	-0.005866373	-0.01384876	0.01052848	0.00053309	0.000308192	0.002901081	0.003828496	-0.2055925	0.02613974	-0.003634168	0.0003165618	0.011133	0.0009036587	0.001813509	-0.000982434	-0.07539463	-0.2460663	-0.1241436	-0.01425586	-0.03147569	0.01185567	0.00053309	0.000308192	0.002901081
1866	0.1572692	0.02238154	-0.08386302	-0.09532845	-0.1924437	0.02022886	0.1904982	-0.5652456	-0.03325009	0.1214863	-0.1391144	-0.1227982	0.001355611	0.004938281	-0.004419441	0.0002776838	0.001096587	-0.0009047819	-0.2779729	-0.03614268	-0.03058243	-0.004802707	-0.01016757	0.01217556	0.0006657339	0.001151443	0.00258758	-3.191829E-05	-0.2035987	0.03374338	-0.00369073	0.0007358801	0.01025066	0.0002776838	0.001096587	-0.0009047819	-0.08124593	-0.2542149	-0.0988276	-0.01215472	-0.02564393	0.01522075	0.0006657339	0.001151443	0.00258758
1870	0.1570082	0.02273172	-0.08683372	-0.09401986	-0.1930681	0.0203886	0.1923721	-0.5672264	-0.03637719	0.1169382	-0.1361264	-0.1312239	-0.0001203213	0.004450698	-0.005421009	-0.0001607201	0.0007005445	-0.0009289783	-0.2789039	-0.03126642	-0.01002622	-0.003834771	-0.006406614	0.01427072	0.0007412843	0.001803821	0.002464476	-0.002196878	-0.2018954	0.03941131	-0.003309287	0.0009777256	0.009104978	-0.0001607201	0.0007005445	-0.0009289783	-0.08190969	-0.2603753	-0.07697344	-0.00928198	-0.02077305	0.01687911	0.0007412843	0.001803821	0.002464476
1873	0.1502285	0.02813184	-0.09160924	-0.09286192	-0.1949674	0.02055287	0.1927275	-0.5692922	-0.04075241	0.1111663	-0.1373067	-0.1354909	-0.001533214	0.003042951	-0.005132501	-0.0004737632	0.0001734715	-0.0006246067	-0.2779369	-0.02987611	0.009229183	-0.002634322	-0.004457383	0.01551689	0.0008560756	0.001840173	0.0021599	-0.005467087	-0.2031084	0.04604912	-0.003299518	0.0004300406	0.008488187	-0.0004737632	0.0001734715	-0.0006246067	-0.08215973	-0.2633682	-0.06264973	-0.007023995	-0.016328	0.01624026	0.0008560756	0.001840173	0.0021599
1876	0.1515831	0.02295777	-0.09937668	-0.08874828	-0.2020043	0.01404023	0.1956954	-0.5774587	-0.05097866	0.1072914	-0.1330112	-0.1434152	-0.002118644	0.003356103	-0.005830456	-0.00050168	0.0002083915	-0.0006429437	-0.2748671	-0.03005719	0.03219485	-0.001208302	-0.003388307	0.01737908	0.0009985617	0.001647399	0.002085473	-0.008468926	-0.2039568	0.05376005	-0.003225098	0.0001104423	0.008293874	-0.00050168	0.0002083915	-0.0006429437	-0.08291578	-0.2650459	-0.0507977	-0.00545701	-0.01266543	0.0151432	0.0009985617	0.001647399	0.002085473
1880	0.1467271	0.005445123	-0.1245279	-0.1013999	-0.2103263	0.03879356	0.1956541	-0.6023206	-0.07290244	0.1115417	-0.1353298	-0.1374691	-0.0005263867	0.001937429	-0.002886302	2.180433E-05	-0.0001983747	0.0002538307	-0.2715922	-0.03007686	0.04797268	-8.749717E-05	-0.002546148	0.01697877	0.001029123	0.001446089	0.001464027	0.006446153	-0.2215884	0.01632524	0.001309946	-0.004325066	-0.003138299	2.180433E-05	-0.0001983747	0.0002538307	-0.08210158	-0.2648599	-0.05382824	-0.003889208	-0.009452578	0.01059976	0.001029123	0.001446089	0.001464027
1883	0.1471112	0.004812837	-0.1234899	-0.096136	-0.2169417	0.02292442	0.1946566	-0.601155	-0.07203937	0.112208	-0.1297638	-0.1425986	-0.0002282136	0.002844572	-0.00344712	9.08965E-05	7.80047E-05	5.01684E-05	-0.2616012	-0.02590594	0.08206797	0.002432125	-0.0008668798	0.0212579	0.001401747	0.001504384	0.002167802	-0.003530234	-0.2136582	0.03841686	-0.001511637	-0.001261252	0.003169182	9.08965E-05	7.80047E-05	5.01684E-05	-0.08365396	-0.2635751	-0.05859113	-0.003304999	-0.006768239	0.006759102	0.001401747	0.001504384	0.002167802
