470	0.1487729	-0.1205589	-0.02989364	-0.14619	-0.06921285	-0.09407568	-0.01689059	-0.5905243	-0.2225256	0.05199755	-0.2202251	-0.2039309	0.005915848	0.005637497	-0.008162166	0.001412796	0.001321768	-0.0009501653	0.10392	-0.04280105	-0.2268882	0.00657126	0.03184576	-0.004156253	0.0008213208	0.006353141	0.0001196496	-0.1172947	-0.2246618	-0.1085417	-0.0007252716	-0.0003960099	-0.002764538	0.001412796	0.001321768	-0.0009501653	0.002954304	-0.2256969	-0.2220234	-0.0004662483	-0.001844355	-0.003909016	0.0008213208	0.006353141	0.0001196496
474	0.1479555	-0.1208845	-0.02988291	-0.1458977	-0.06936079	-0.09441257	-0.0173057	-0.5905511	-0.2226758	0.05302446	-0.2202427	-0.2039351	0.004693613	0.004223727	-0.006122697	0.0007540387	0.0006378838	-0.0002027568	0.1118024	0.03018892	-0.2131547	0.006899051	0.04213182	0.0003161866	0.0006979384	0.007336369	0.001207847	-0.1176445	-0.2231498	-0.1092643	-0.0006314086	8.099779E-05	-0.002254035	0.0007540387	0.0006378838	-0.0002027568	0.001634479	-0.1953058	-0.200161	-0.0006796427	0.006214515	0.002533835	0.0006979384	0.007336369	0.001207847
477	0.1473238	-0.1210108	-0.0297358	-0.1457828	-0.0694325	-0.09451866	-0.01763158	-0.5906949	-0.2228016	0.06685545	-0.2151045	-0.2193109	0.006977956	0.004452335	-0.008435956	0.001136615	0.0005355648	-0.0007303823	0.1207299	0.1177073	-0.2256949	0.007406166	0.05347846	-0.002897915	0.0006502324	0.008338938	0.0001023599	-0.1172317	-0.2196118	-0.1091679	-0.000370351	0.0009452515	-0.001666446	0.001136615	0.0005355648	-0.0007303823	0.00164333	-0.1970732	-0.2002838	-0.0005075192	0.004219034	0.00186968	0.0006502324	0.008338938	0.0001023599
480	0.1466292	-0.1209397	-0.03062868	-0.1460092	-0.06921381	-0.09560204	-0.01793768	-0.5906736	-0.2239518	0.0675458	-0.21514	-0.2197735	0.005406056	0.003330377	-0.00644263	0.0004594859	0.0001211843	-4.945515E-05	0.1088112	0.1709945	-0.1830112	0.002574938	0.05343064	0.008497493	-0.0007201327	0.006242248	0.002925622	-0.1172102	-0.2189442	-0.1093582	-0.0002723839	0.0008758316	-0.001297399	0.0004594859	0.0001211843	-4.945515E-05	0.003638953	-0.1946038	-0.2015711	0.0001182664	0.003781619	0.001080425	-0.0007201327	0.006242248	0.002925622
484	0.1460252	-0.1210209	-0.03141475	-0.1461803	-0.06922752	-0.09635258	-0.01810981	-0.5911573	-0.2249404	0.0727208	-0.2172697	-0.218591	0.005348292	0.001965357	-0.004536333	0.0003301736	-0.0002503669	0.0004394827	0.09377773	0.2289068	-0.1486783	-0.001827156	0.05455104	0.01495634	-0.001640623	0.004961787	0.003808928	-0.1166589	-0.217513	-0.1091158	-6.645967E-05	0.001014673	-0.0009124613	0.0003301736	-0.0002503669	0.0004394827	0.0167692	-0.2062374	-0.2261561	0.003371262	-7.217936E-05	-0.005335934	-0.001640623	0.004961787	0.003808928
487	0.1454548	-0.1210206	-0.03185081	-0.1461938	-0.0691275	-0.09660316	-0.01819353	-0.5914745	-0.2253847	0.08047971	-0.2092462	-0.2211937	0.005950946	0.0034799	-0.004052924	0.0003982937	0.0001908607	0.0004504644	0.08023597	0.2453429	-0.1259042	-0.004755807	0.04502233	0.01691078	-0.00196263	0.001339162	0.003345306	-0.116317	-0.2169987	-0.1089036	3.562085E-05	0.0008895868	-0.0006312978	0.0003982937	0.0001908607	0.0004504644	0.01599136	-0.1906776	-0.2135869	0.002333986	0.003835821	-0.0008596526	-0.00196263	0.001339162	0.003345306
490	0.1440475	-0.1231324	-0.03351521	-0.145862	-0.06912774	-0.09667134	-0.01787019	-0.5920295	-0.2262039	0.09365844	-0.1880507	-0.2246991	0.007757892	0.007908801	-0.00391606	0.0007504567	0.001250371	0.0003720642	0.05160662	0.2654242	-0.0765599	-0.01072419	0.03878706	0.02501916	-0.002964069	-0.0005544462	0.004536075	-0.1159215	-0.2166302	-0.1086434	0.0001256072	0.0007593091	-0.0004084149	0.0007504567	0.001250371	0.0003720642	0.0304108	-0.2053284	-0.2305132	0.005355349	-0.0007858397	-0.004876312	-0.002964069	-0.0005544462	0.004536075
494	0.1441637	-0.122817	-0.03402829	-0.1474769	-0.06986749	-0.09682751	-0.01743028	-0.5922848	-0.2267798	0.1107174	-0.1771182	-0.2240053	0.01008316	0.008664735	-0.002763595	0.00114416	0.001126762	0.0005671643	0.030945	0.263292	-0.06597292	-0.01320855	0.02855726	0.02141111	-0.002844141	-0.002973285	0.002500044	-0.1134405	-0.2155724	-0.1081413	0.0007144513	0.0008339253	-0.0001807838	0.00114416	0.001126762	0.0005671643	0.03247854	-0.1843419	-0.2034788	0.004533448	0.004657252	0.003101367	-0.002844141	-0.002973285	0.002500044
497	0.1446143	-0.1220269	-0.03450727	-0.1466232	-0.0698719	-0.09717011	-0.01633067	-0.5921751	-0.2273372	0.09584471	-0.1205854	-0.2126192	0.003844196	0.02063174	0.0007738424	-0.0007016217	0.003836823	0.001309733	0.04089721	0.2369276	-0.06136489	-0.007418361	0.01482682	0.01721034	-0.0006855584	-0.005662572	0.000824841	-0.1116953	-0.215553	-0.1065784	0.000972137	0.0006303092	0.0002551504	-0.0007016217	0.003836823	0.001309733	0.03098145	-0.1805013	-0.2027686	0.003025813	0.004453084	0.002503587	-0.0006855584	-0.005662572	0.000824841
500	0.1498303	-0.124578	-0.04115796	-0.1472255	-0.07053387	-0.09672832	-0.01547182	-0.5922052	-0.227789	0.09485219	-0.1227687	-0.2090435	0.002635018	0.01492797	0.001474302	-0.0008285107	0.001451674	0.001157414	0.03589576	0.2451291	-0.05355382	-0.006814132	0.01317051	0.01486053	-0.0003631113	-0.004661008	3.11762E-05	-0.1098021	-0.2153562	-0.1064625	0.001202408	0.0005219132	0.0002203307	-0.0008285107	0.001451674	0.001157414	0.03123578	-0.1787912	-0.2023137	0.002332943	0.003767353	0.001991416	-0.0003631113	-0.004661008	3.11762E-05
504	0.1474466	-0.1223414	-0.03937244	-0.1502236	-0.07155716	-0.09553218	-0.01544961	-0.5922214	-0.2276733	0.09843516	-0.1242148	-0.2117504	0.002872004	0.01083445	0.0004290056	-0.0005621365	6.537652E-05	0.0006067366	0.03210175	0.2484394	-0.04607415	-0.006059102	0.01070546	0.01301531	-8.357619E-05	-0.004112019	-0.0004379215	-0.1060175	-0.2162708	-0.1057813	0.001847941	0.000162784	0.0003355385	-0.0005621365	6.537652E-05	0.0006067366	0.03088427	-0.1763647	-0.2013489	0.001661828	0.003432138	0.001734752	-8.357619E-05	-0.004112019	-0.0004379215
507	0.1506814	-0.1225974	-0.04219866	-0.1480868	-0.0710842	-0.09556651	-0.01346547	-0.5921411	-0.2283376	0.09598462	-0.1237069	-0.2066734	0.00154137	0.00825282	0.001591005	-0.000754261	-0.000596376	0.0007455524	0.02939451	0.2543537	-0.03975523	-0.005221137	0.009507652	0.01134122	0.0001468091	-0.003383465	-0.0007469652	-0.1044025	-0.2207175	-0.1061277	0.001789717	-0.0009895908	0.0001650483	-0.000754261	-0.000596376	0.0007455524	0.0280703	-0.169149	-0.1958084	0.0005428798	0.004378015	0.002686187	0.0001468091	-0.003383465	-0.0007469652
511	0.1478537	-0.1205996	-0.03958011	-0.1480299	-0.07119954	-0.09528184	-0.01344866	-0.5922357	-0.2287273	0.09839351	-0.1259823	-0.2080244	0.001758248	0.005620771	0.0008555043	-0.0005114761	-0.001105294	0.000375289	0.02241389	0.2526991	-0.03334403	-0.005661006	0.00671709	0.01010871	1.396256E-07	-0.00323524	-0.0008683501	-0.1037411	-0.224816	-0.1066506	0.001507639	-0.001766797	-6.92677E-06	-0.0005114761	-0.001105294	0.000375289	0.02616629	-0.1639943	-0.1892208	-6.884284E-05	0.004572186	0.003661546	1.396256E-07	-0.00323524	-0.0008683501
514	0.1468436	-0.120438	-0.03882718	-0.1478443	-0.07129407	-0.09484196	-0.01333681	-0.5923756	-0.2291719	0.09888667	-0.1259228	-0.2072046	0.001441977	0.004230457	0.0008465788	-0.000462675	-0.001176549	0.0002792354	0.02149993	0.256117	-0.03080559	-0.004474245	0.005892288	0.008216144	0.000296795	-0.00263263	-0.001124404	-0.1034981	-0.2279659	-0.1067085	0.001191474	-0.002112572	-1.967901E-05	-0.000462675	-0.001176549	0.0002792354	0.02203113	-0.1575883	-0.1755852	-0.001085423	0.005030634	0.006155069	0.000296795	-0.00263263	-0.001124404
517	0.1502448	-0.1186432	-0.03999686	-0.1429537	-0.06990826	-0.09668612	-0.01293578	-0.6052412	-0.2043836	0.09910348	-0.1264224	-0.2057184	0.001135685	0.003047934	0.00100648	-0.000423579	-0.001178043	0.0002494017	0.01799324	0.2605163	-0.02642405	-0.004232356	0.005519063	0.007257492	0.0002830684	-0.002067779	-0.001082966	-0.103133	-0.2293317	-0.1056457	0.0009848822	-0.001925889	0.0002509583	-0.000423579	-0.001178043	0.0002494017	0.02050295	-0.1582237	-0.1749367	-0.00119611	0.003614137	0.004778426	0.0002830684	-0.002067779	-0.001082966
520	0.1452394	-0.1154705	-0.03629375	-0.1437747	-0.07001865	-0.09607553	-0.0185206	-0.5869984	-0.2251393	0.0954356	-0.1318999	-0.1991549	-6.52069E-05	0.0009165783	0.002395746	-0.0006179074	-0.001416371	0.0005343679	0.02481585	0.2628852	-0.03376138	-0.001468615	0.004731514	0.003608787	0.0009032366	-0.001747721	-0.001724401	-0.1022098	-0.2308629	-0.1049876	0.0009694658	-0.00182722	0.0003527275	-0.0006179074	-0.001416371	0.0005343679	0.02279013	-0.1735895	-0.1810488	-0.000325288	-0.00113085	0.002055795	0.0009032366	-0.001747721	-0.001724401
524	0.1448575	-0.115572	-0.03615236	-0.144271	-0.07025993	-0.09651423	-0.01882338	-0.6014647	-0.2070853	0.09586653	-0.1360531	-0.1994653	5.882836E-05	-0.0003508568	0.001719204	-0.0004324217	-0.001379137	0.0002316405	0.01822185	0.2694388	-0.0270083	-0.002749962	0.005187026	0.004394862	0.0003570907	-0.001196913	-0.001096782	-0.1033326	-0.2328458	-0.1048424	0.0004463987	-0.001866147	0.0003008449	-0.0004324217	-0.001379137	0.0002316405	0.02018514	-0.1724406	-0.1803178	-0.0008952138	-0.000560921	0.001724594	0.0003570907	-0.001196913	-0.001096782
527	0.1513594	-0.1117175	-0.03625679	-0.1534233	-0.07018691	-0.09779954	-0.01677468	-0.5912076	-0.2278275	0.09326427	-0.141096	-0.1931905	-0.0006064448	-0.00152387	0.002858108	-0.0004906346	-0.001327606	0.0004584563	0.02239016	0.2692469	-0.02877533	-0.001020394	0.003842303	0.002854387	0.00070021	-0.001233866	-0.001207705	-0.08499369	-0.2349033	-0.10395	0.004919521	-0.001913983	0.0004487338	-0.0004906346	-0.001327606	0.0004584563	0.02341253	-0.2237459	-0.2206661	0.0001354354	-0.01324702	-0.008793628	0.00070021	-0.001233866	-0.001207705
530	0.1551017	-0.116793	-0.0394969	-0.1451517	-0.06986314	-0.09755707	-0.009915575	-0.5902461	-0.2295088	0.09435644	-0.1418646	-0.1905649	-0.0001817903	-0.001335061	0.002799977	-0.0002618123	-0.0009485022	0.0003293095	0.0166884	0.2766113	-0.0216974	-0.002190735	0.004722833	0.003910273	0.0002325723	-0.0007052668	-0.0006418072	-0.08992299	-0.2346786	-0.1037848	0.002457315	-0.001379303	0.0003778564	-0.0002618123	-0.0009485022	0.0003293095	0.02372861	-0.2239992	-0.2200105	0.0001805974	-0.009998579	-0.006431338	0.0002325723	-0.0007052668	-0.0006418072
534	0.1576988	-0.1200063	-0.04089761	-0.1394306	-0.06995177	-0.09751844	-0.005965173	-0.590693	-0.231111	0.0938851	-0.1450094	-0.1884559	-0.0002541774	-0.001787496	0.002627216	-0.000214456	-0.0008244853	0.0002037918	0.01338631	0.2834962	-0.01696169	-0.002468574	0.005263343	0.004116632	0.0001049695	-0.0003938227	-0.0004297657	-0.09710437	-0.2353081	-0.1055779	4.764192E-05	-0.001191841	-0.0001648942	-0.000214456	-0.0008244853	0.0002037918	0.02638561	-0.2242434	-0.2191482	0.0007996971	-0.007559973	-0.004607914	0.0001049695	-0.0003938227	-0.0004297657
537	0.1627417	-0.1186756	-0.03839493	-0.1322871	-0.06994349	-0.09861636	-0.006985784	-0.6038423	-0.205412	0.09379485	-0.1467298	-0.1909337	-0.0002131952	-0.001770729	0.00135097	-0.0001505965	-0.0006141723	-0.0001662175	0.008121647	0.2858263	-0.01086915	-0.003167596	0.004530023	0.004610611	-9.602838E-05	-0.0004786969	-0.0001988295	-0.1036633	-0.234735	-0.1071044	-0.001604	-0.0007506133	-0.0005052894	-0.0001505965	-0.0006141723	-0.0001662175	0.02645844	-0.2253016	-0.2177788	0.0006179821	-0.005934542	-0.003113596	-9.602838E-05	-0.0004786969	-0.0001988295
540	0.1628779	-0.1166165	-0.03418803	-0.1282781	-0.0698328	-0.09830117	-0.01512365	-0.5903479	-0.2214576	0.08588668	-0.1411292	-0.1838948	-0.00213694	7.211859E-05	0.002772965	-0.0005938835	8.268398E-08	0.0002308356	0.01826588	0.2767297	-0.01940131	0.0001603616	0.001123369	0.001324917	0.0007599681	-0.001210686	-0.0009705457	-0.1102638	-0.2364394	-0.1110381	-0.002853125	-0.0009890662	-0.001362384	-0.0005938835	8.268398E-08	0.0002308356	0.0252324	-0.2277278	-0.2150135	0.0001569771	-0.005057443	-0.001643872	0.0007599681	-0.001210686	-0.0009705457
544	0.160703	-0.1202145	-0.03453875	-0.1456359	-0.07048368	-0.10461	-0.01183023	-0.590435	-0.2253562	0.09013227	-0.141814	-0.1851548	-0.0005413062	-0.0001171254	0.001764714	-4.650422E-05	-4.724898E-05	-7.893625E-05	0.01689678	0.2805253	-0.01552999	-0.0002220047	0.001791433	0.001961518	0.0004743845	-0.0007409987	-0.0005687589	-0.09501755	-0.2348371	-0.1047695	0.001671717	-0.0003412266	0.0005453671	-4.650422E-05	-4.724898E-05	-7.893625E-05	0.02277133	-0.2266923	-0.2160361	-0.0004975362	-0.003534212	-0.001488549	0.0004743845	-0.0007409987	-0.0005687589
547	0.1637295	-0.122566	-0.0333519	-0.1433504	-0.07026887	-0.1038992	-0.00579688	-0.5908571	-0.225764	0.09399286	-0.1400728	-0.1854788	0.0005591667	0.0003474561	0.001242532	0.00024024	8.070865E-05	-0.0001897475	0.0152834	0.2809239	-0.01417518	-0.0005698482	0.001443226	0.001809842	0.0002688275	-0.0006428006	-0.0004644882	-0.09538957	-0.2325517	-0.1045465	0.001160782	0.0003154278	0.0004647557	0.00024024	8.070865E-05	-0.0001897475	0.02170083	-0.2266059	-0.2158713	-0.0006407769	-0.002629056	-0.001075225	0.0002688275	-0.0006428006	-0.0004644882
550	0.164686	-0.124715	-0.03281069	-0.1425511	-0.07023484	-0.1036828	-0.002442569	-0.5913772	-0.2257293	0.09504321	-0.13981	-0.1821231	0.0006819633	0.0003262913	0.001770835	0.0002108792	5.524028E-05	-1.023505E-05	0.01885864	0.2821896	-0.01705861	0.0004664246	0.001398846	0.0006365229	0.0004606888	-0.0004931955	-0.0006416959	-0.09668171	-0.2315347	-0.1044704	0.0005475518	0.0004908144	0.0003676105	0.0002108792	5.524028E-05	-1.023505E-05	0.02250105	-0.2259509	-0.2161108	-0.0002805272	-0.001808062	-0.0008662913	0.0004606888	-0.0004931955	-0.0006416959
554	0.1659966	-0.1240575	-0.0314455	-0.1437158	-0.07039666	-0.1049776	-0.0006043315	-0.5914785	-0.2262763	0.09345085	-0.1395012	-0.1802927	0.0001133824	0.0003219139	0.001785711	1.601416E-05	4.033587E-05	-3.957222E-06	0.009050854	0.3002249	-0.02043951	-0.002102128	0.005557965	-0.0003678315	-0.0002966217	0.0006698831	-0.0007323605	-0.09783438	-0.2277783	-0.1041014	0.0001224977	0.001307227	0.000367946	1.601416E-05	4.033587E-05	-3.957222E-06	0.02197996	-0.2253731	-0.2163609	-0.0003406688	-0.001211594	-0.0007122438	-0.0002966217	0.0006698831	-0.0007323605
557	0.1668723	-0.1236191	-0.03160048	-0.1442474	-0.06901568	-0.106792	-0.01443453	-0.6081594	-0.187577	0.09454028	-0.1371539	-0.1801368	0.0003573946	0.0008282656	0.001378265	7.301368E-05	0.0001568398	-0.0001048295	0.02669916	0.2754414	-0.03563869	0.002835481	-0.002027407	-0.00407567	0.001011936	-0.001393931	-0.00147623	-0.09823146	-0.2272882	-0.1057402	-7.398237E-06	0.001102952	-0.000133733	7.301368E-05	0.0001568398	-0.0001048295	0.0225943	-0.2246858	-0.2166133	-0.0001019153	-0.0007368557	-0.0005972743	0.001011936	-0.001393931	-0.00147623
560	0.1558058	-0.1150544	-0.02539182	-0.1441129	-0.06759739	-0.1057632	-0.01959147	-0.5895929	-0.2157698	0.09860821	-0.1559063	-0.1757623	0.001285028	-0.004066907	0.002127324	0.0002866686	-0.001106163	0.0001086428	0.04722986	0.2100045	-0.06550515	0.007259284	-0.01787979	-0.01052337	0.001864903	-0.005008543	-0.002719097	-0.09950939	-0.2266896	-0.1072444	-0.0003250296	0.0009768442	-0.0004763454	0.0002866686	-0.001106163	0.0001086428	0.02178836	-0.2235214	-0.2176198	-0.0002779225	-0.0002615476	-0.0006995767	0.001864903	-0.005008543	-0.002719097
564	0.1566911	-0.1156254	-0.02462912	-0.1389747	-0.06775439	-0.1047165	-0.01433323	-0.5895593	-0.2195344	0.09923644	-0.1507465	-0.1779243	0.001120829	-0.001760217	0.001054998	0.0001739518	-0.0002529499	-0.0001865994	0.0498073	0.2086081	-0.06798756	0.006088823	-0.01375895	-0.008513128	0.001106062	-0.002726197	-0.001536763	-0.1068315	-0.2256862	-0.1099647	-0.002074305	0.0009834942	-0.001037348	0.0001739518	-0.0002529499	-0.0001865994	0.02034342	-0.2221278	-0.2189308	-0.0005696759	0.0001522434	-0.0008524485	0.001106062	-0.002726197	-0.001536763
567	0.1553401	-0.115258	-0.02378511	-0.1399996	-0.06794292	-0.1050386	-0.01413549	-0.5898233	-0.2207129	0.1036284	-0.1421156	-0.1843977	0.001938605	0.0008375553	-0.0008271066	0.0003349077	0.0004597306	-0.0006104758	0.05630109	0.2041417	-0.07731926	0.006190065	-0.0114358	-0.008717772	0.000854857	-0.001463861	-0.001203733	-0.1107745	-0.2245944	-0.1130811	-0.002541478	0.00101058	-0.001557103	0.0003349077	0.0004597306	-0.0006104758	0.01116502	-0.217203	-0.2243001	-0.002721857	0.001345383	-0.001981663	0.000854857	-0.001463861	-0.001203733
570	0.1541722	-0.1143789	-0.02319431	-0.1407486	-0.06763023	-0.1057026	-0.01491372	-0.6027538	-0.196794	0.1044472	-0.1431161	-0.1858503	0.001658654	0.0003780505	-0.0009834713	0.0001811932	0.0002299217	-0.000496948	0.08025741	0.1896096	-0.1119615	0.01063163	-0.01220988	-0.01519888	0.001751534	-0.001291417	-0.002523078	-0.1125168	-0.2243275	-0.1150579	-0.00234167	0.0008246476	-0.001662039	0.0001811932	0.0002299217	-0.000496948	0.01211751	-0.2177346	-0.2235228	-0.001803272	0.0008761416	-0.001291906	0.001751534	-0.001291417	-0.002523078
574	0.1516576	-0.1133127	-0.02203083	-0.145983	-0.06540447	-0.1073041	-0.02226283	-0.5938765	-0.2210854	0.1007546	-0.1645171	-0.1790143	0.0003208527	-0.005066709	0.0009713809	-0.0001985555	-0.001188749	0.000116002	0.09032929	0.1992467	-0.126258	0.01049169	-0.006748119	-0.0149733	0.001278666	0.0003968784	-0.001835911	-0.1098009	-0.2237931	-0.1159284	-0.001077296	0.0007520746	-0.001464146	-0.0001985555	-0.001188749	0.000116002	0.009788781	-0.2104291	-0.2121539	-0.001934635	0.002483463	0.001873288	0.001278666	0.0003968784	-0.001835911
577	0.1509125	-0.1129777	-0.0219605	-0.1462644	-0.06544828	-0.1081867	-0.01843518	-0.6009499	-0.2014301	0.1048647	-0.1626877	-0.1839862	0.001268158	-0.003342685	-0.0005144298	8.790981E-05	-0.0004605554	-0.0002844511	0.1122246	0.1645223	-0.1593925	0.01334259	-0.01374219	-0.01951359	0.001671724	-0.00145086	-0.002512006	-0.110983	-0.2225823	-0.1165498	-0.001103492	0.0008667656	-0.001253469	8.790981E-05	-0.0004605554	-0.0002844511	0.01115859	-0.2004912	-0.2009786	-0.001108525	0.004347083	0.004198785	0.001671724	-0.00145086	-0.002512006
580	0.1496692	-0.1127326	-0.02145433	-0.1464029	-0.06547678	-0.1080999	-0.02193736	-0.5910075	-0.2164294	0.1058197	-0.171261	-0.1838441	0.001189869	-0.00465033	-0.000350298	4.635997E-05	-0.0006723278	-0.0001723054	0.1219507	0.1395473	-0.1741408	0.01243848	-0.01655039	-0.01832227	0.001027767	-0.001790193	-0.001586176	-0.1121221	-0.2214184	-0.1189697	-0.001112387	0.0009410417	-0.001545059	4.635997E-05	-0.0006723278	-0.0001723054	0.01198596	-0.2011375	-0.1983826	-0.0006245508	0.003098728	0.003798094	0.001027767	-0.001790193	-0.001586176
584	0.1503116	-0.1128657	-0.0206449	-0.1450697	-0.06569713	-0.1079113	-0.01720858	-0.5897407	-0.2209474	0.1009691	-0.1883532	-0.1796542	-0.0003202492	-0.007760812	0.0007847387	-0.0003427596	-0.001281866	0.0001545301	0.148703	0.1128652	-0.2115272	0.01601693	-0.01908333	-0.02308831	0.001665437	-0.001975881	-0.002381141	-0.1128367	-0.2210731	-0.1197351	-0.00101294	0.0007921112	-0.001350155	-0.0003427596	-0.001281866	0.0001545301	0.0126572	-0.2000405	-0.1972796	-0.0003006037	0.002598305	0.003124331	0.001665437	-0.001975881	-0.002381141
587	0.1504332	-0.1132705	-0.02019453	-0.1433273	-0.06622499	-0.1080685	-0.01553838	-0.589354	-0.2230369	0.09970611	-0.2011681	-0.1801817	-0.0005559351	-0.009024344	0.0004566788	-0.0003159911	-0.001277283	3.388261E-05	0.1653008	0.0732373	-0.2292447	0.01616213	-0.02421947	-0.0217456	0.001285378	-0.002765945	-0.001450179	-0.1140796	-0.2190055	-0.1198454	-0.001070432	0.001110982	-0.001040183	-0.0003159911	-0.001277283	3.388261E-05	0.01672801	-0.2086052	-0.2114013	0.0007922518	-0.000192441	-0.001187194	0.001285378	-0.002765945	-0.001450179
590	0.1502747	-0.1136751	-0.01977611	-0.1412901	-0.0665229	-0.1077471	-0.01479092	-0.5894672	-0.2236955	0.1066585	-0.2151319	-0.2005024	0.001321141	-0.01025919	-0.004737654	0.0002322756	-0.001266674	-0.001273171	0.1606014	0.03304315	-0.2141492	0.01094676	-0.02821314	-0.01253533	-0.000339811	-0.003072876	0.001214933	-0.1156165	-0.2178933	-0.1199127	-0.00118705	0.001111285	-0.0007969759	0.0002322756	-0.001266674	-0.001273171	0.01581678	-0.2003504	-0.206859	0.0003663799	0.001919357	0.0002451921	-0.000339811	-0.003072876	0.001214933
594	0.1493661	-0.1141357	-0.0189836	-0.1406834	-0.06683385	-0.1071124	-0.01475069	-0.5893845	-0.2244006	0.1055543	-0.2223022	-0.201664	0.0007148078	-0.009486981	-0.003843634	2.262346E-05	-0.0007569528	-0.0007313735	0.1573532	-0.02179688	-0.2201569	0.00739802	-0.03486986	-0.01090342	-0.001142042	-0.003968838	0.001319179	-0.1161281	-0.2153396	-0.1190755	-0.001018192	0.001471904	-0.0003884302	2.262346E-05	-0.0007569528	-0.0007313735	0.01882273	-0.2091373	-0.2189903	0.001026273	-0.0007572002	-0.002848939	-0.001142042	-0.003968838	0.001319179
597	0.1478608	-0.1144344	-0.01723671	-0.1412835	-0.06708819	-0.1055784	-0.01567844	-0.589681	-0.2237154	0.1082854	-0.2260733	-0.1963073	0.001218877	-0.008058002	-0.001543558	0.0001429849	-0.0002104699	2.648885E-05	0.1401164	-0.08835602	-0.2185203	0.001239308	-0.04279218	-0.007768407	-0.00239621	-0.004957207	0.001773137	-0.1163515	-0.2125566	-0.1176429	-0.0008195009	0.001799678	6.684166E-05	0.0001429849	-0.0002104699	2.648885E-05	0.02004623	-0.2137679	-0.2233382	0.001075581	-0.001725556	-0.003223685	-0.00239621	-0.004957207	0.001773137
601	0.1480807	-0.1154652	-0.01767111	-0.1411413	-0.0672226	-0.1052945	-0.01756078	-0.6003605	-0.1980773	0.09876568	-0.2350214	-0.1905248	-0.001465764	-0.008280516	0.0002879524	-0.0005639216	-0.0002134808	0.0004777443	0.1209633	-0.1524521	-0.1939695	-0.003858784	-0.04811817	0.0003113933	-0.00307168	-0.005049403	0.003349803	-0.1173927	-0.2114326	-0.1167068	-0.0008749117	0.00163075	0.0002841391	-0.0005639216	-0.0002134808	0.0004777443	0.02155972	-0.2156384	-0.2251103	0.001185056	-0.001761781	-0.002860775	-0.00307168	-0.005049403	0.003349803
604	0.143487	-0.1166124	-0.0152154	-0.1476471	-0.06395566	-0.1036162	-0.02125694	-0.5931545	-0.2149597	0.09083003	-0.2493657	-0.1748545	-0.003083236	-0.00979647	0.004133539	-0.0008273092	-0.0005390993	0.001319705	0.116694	-0.2047741	-0.204307	-0.003961409	-0.04916912	-0.002350823	-0.002329417	-0.004049791	0.001846798	-0.1160478	-0.2145238	-0.1140169	-0.0003199539	0.0004502658	0.0008855937	-0.0008273092	-0.0005390993	0.001319705	0.024867	-0.2110402	-0.2195367	0.001715613	-0.0001717892	-0.0007521736	-0.002329417	-0.004049791	0.001846798
607	0.159382	-0.1242673	-0.01880789	-0.1474458	-0.06451446	-0.1018088	-0.02310327	-0.5929559	-0.21575	0.04538364	-0.2412136	-0.1174588	-0.01367402	-0.005309321	0.01744908	-0.003268178	0.0007174629	0.004318664	0.08120099	-0.2062438	-0.1635674	-0.01184431	-0.03724425	0.008421767	-0.003717789	-5.612383E-05	0.004078246	-0.1198539	-0.2141989	-0.1086701	-0.001191487	0.0004189181	0.002000889	-0.003268178	0.0007174629	0.004318664	0.0253793	-0.2088698	-0.2174724	0.001414785	0.0004137504	-4.807318E-05	-0.003717789	-5.612383E-05	0.004078246
610	0.1626703	-0.1256001	-0.01600504	-0.1503771	-0.06652135	-0.09806442	-0.02419455	-0.5923961	-0.2148173	0.03438798	-0.2525483	-0.1108341	-0.01300443	-0.006815678	0.01474298	-0.002283737	0.000161508	0.002562474	0.07034083	-0.2568454	-0.1401565	-0.01159828	-0.04058358	0.01216905	-0.002726832	-0.0008769276	0.003995506	-0.1203488	-0.2128467	-0.1056014	-0.001017362	0.0006522512	0.002267838	-0.002283737	0.000161508	0.002562474	0.02627614	-0.2078099	-0.2161889	0.001285299	0.0005752815	0.0002848267	-0.002726832	-0.0008769276	0.003995506
614	0.1635171	-0.1260938	-0.01305938	-0.1536941	-0.0682652	-0.09452987	-0.02241613	-0.5939387	-0.211679	0.02185755	-0.2736075	-0.09326863	-0.01288593	-0.01037656	0.01544861	-0.001683177	-0.00076909	0.002098262	0.05045967	-0.2833329	-0.1132245	-0.013669	-0.03705958	0.01585979	-0.002562804	0.0002233057	0.003919314	-0.1218424	-0.2121925	-0.1007713	-0.001136414	0.0006527361	0.002908409	-0.001683177	-0.00076909	0.002098262	0.02742487	-0.2070854	-0.2159849	0.001251157	0.0006126034	0.0002646118	-0.002562804	0.0002233057	0.003919314
617	0.1611311	-0.1263202	-0.009759903	-0.1509336	-0.06607586	-0.09298706	-0.02641815	-0.5942723	-0.2077173	0.01223695	-0.28544	-0.07927084	-0.0120696	-0.01074053	0.01508591	-0.0010583	-0.0006678103	0.00148302	0.01383938	-0.2289623	-0.05197001	-0.01940682	-0.01420204	0.02720847	-0.003356559	0.005881864	0.005776655	-0.1299038	-0.2153748	-0.09249628	-0.002867656	-0.0003060209	0.004250065	-0.0010583	-0.0006678103	0.00148302	0.02743599	-0.2050018	-0.2088761	0.0009411467	0.0009803412	0.001975661	-0.003356559	0.005881864	0.005776655
620	0.1602962	-0.1261633	-0.007002115	-0.1513335	-0.06596601	-0.09224987	-0.03115657	-0.5942906	-0.2054635	0.001541068	-0.2819591	-0.05553174	-0.01172617	-0.007185171	0.0172492	-0.0007078671	0.0003879826	0.00165309	0.0139389	-0.2399376	-0.05987597	-0.01453023	-0.01339534	0.01842986	-0.001298273	0.004613072	0.002137839	-0.1340874	-0.2158544	-0.08353198	-0.003196639	-0.0003494179	0.005428624	-0.0007078671	0.0003879826	0.00165309	0.02521968	-0.2046786	-0.2062594	0.0001517828	0.0008160612	0.002135936	-0.001298273	0.004613072	0.002137839
624	0.1602699	-0.1280113	-0.005036116	-0.151869	-0.06509501	-0.09029007	-0.03539075	-0.5916003	-0.2070663	-0.007182767	-0.2738715	-0.03884363	-0.01097559	-0.003366992	0.01710893	-0.0003432545	0.001245532	0.001204749	0.01324423	-0.2438135	-0.05989695	-0.01107134	-0.01101548	0.01381715	-0.000108982	0.004054769	0.0004502019	-0.1362511	-0.2184586	-0.07841206	-0.002938414	-0.0009131249	0.005351448	-0.0003432545	0.001245532	0.001204749	0.0217984	-0.2021787	-0.1971164	-0.0007414821	0.00123703	0.003887701	-0.000108982	0.004054769	0.0004502019
627	0.1591938	-0.1287783	-0.00479269	-0.1528897	-0.06273741	-0.09073663	-0.04503158	-0.5982465	-0.1851379	-0.01683499	-0.2818061	-0.02332139	-0.01064475	-0.004508894	0.01671226	-0.0001747308	0.0006486734	0.0008043936	0.01250724	-0.2457783	-0.0584178	-0.008487755	-0.008752814	0.01073265	0.0005641608	0.003606744	-0.0004334736	-0.1387471	-0.2210159	-0.07277775	-0.002827804	-0.001324156	0.005422163	-0.0001747308	0.0006486734	0.0008043936	0.01683438	-0.1999983	-0.1901488	-0.001797118	0.001472868	0.004657662	0.0005641608	0.003606744	-0.0004334736
630	0.1519397	-0.128893	-0.002650499	-0.1589669	-0.06047267	-0.08750176	-0.05396494	-0.5900457	-0.2022253	-0.01599296	-0.2834682	-0.01928139	-0.007773052	-0.003797204	0.01354419	0.0005868754	0.0006644275	-0.0001887206	0.01255159	-0.2457827	-0.05873299	-0.006354731	-0.006565717	0.00797069	0.0009563768	0.003251832	-0.001015595	-0.1359899	-0.2245309	-0.07095075	-0.001431555	-0.001871883	0.004523372	0.0005868754	0.0006644275	-0.0001887206	0.01337689	-0.201461	-0.1882775	-0.00221221	0.0007389731	0.003961083	0.0009563768	0.003251832	-0.001015595
634	0.1464621	-0.1297155	-0.001148462	-0.1650408	-0.06275898	-0.08524585	-0.05647278	-0.5887538	-0.2049917	-0.01789075	-0.2524252	-0.007659435	-0.006304237	0.004912852	0.01306363	0.0008073604	0.002675835	-0.0002616806	0.01257237	-0.246451	-0.05909681	-0.004760851	-0.005091363	0.00588706	0.001115753	0.002807462	-0.001282604	-0.1335113	-0.2234091	-0.06980133	-0.0004540238	-0.001123465	0.003679883	0.0008073604	0.002675835	-0.0002616806	0.006498516	-0.1997726	-0.1796317	-0.003378751	0.0009763313	0.005132256	0.001115753	0.002807462	-0.001282604
637	0.1493281	-0.1297069	0.001741409	-0.151896	-0.05908173	-0.08594298	-0.06049974	-0.5879436	-0.2057068	-0.02669637	-0.250666	-0.008896112	-0.006929582	0.004124454	0.009488557	0.000449184	0.001809777	-0.00109003	0.01256684	-0.246367	-0.05908155	-0.003572021	-0.003797508	0.00441911	0.001134022	0.002429061	-0.001328941	-0.1507581	-0.2263511	-0.06603599	-0.004652214	-0.00157809	0.003701249	0.000449184	0.001809777	-0.00109003	0.002139956	-0.2008266	-0.1744144	-0.003623703	0.0004687363	0.00515352	0.001134022	0.002429061	-0.001328941
640	0.1490722	-0.1305799	0.002784252	-0.1524132	-0.05828381	-0.08659816	-0.06404262	-0.5870144	-0.2070831	-0.03239128	-0.2477672	-0.01081324	-0.006620915	0.003818044	0.006637136	0.0004140548	0.00128073	-0.001530377	0.0125612	-0.246326	-0.05907989	-0.002680426	-0.002837898	0.00331475	0.001073415	0.002061698	-0.001272795	-0.1536726	-0.2267956	-0.06488514	-0.004217775	-0.001294678	0.003063648	0.0004140548	0.00128073	-0.001530377	-0.001912504	-0.2011209	-0.1705637	-0.003730893	0.0002779778	0.004827815	0.001073415	0.002061698	-0.001272795
644	0.1485846	-0.1312212	0.002905607	-0.1527406	-0.05772752	-0.08691168	-0.06455415	-0.5857383	-0.2088604	-0.03399381	-0.2443578	-0.01326871	-0.005366318	0.003715872	0.004363984	0.0006241903	0.0009350043	-0.001716071	0.01255644	-0.2463116	-0.05907345	-0.002011509	-0.002124825	0.002487672	0.0009722908	0.001724542	-0.001161366	-0.1555925	-0.2271805	-0.06517553	-0.00364332	-0.001067255	0.002225138	0.0006241903	0.0009350043	-0.001716071	-0.004907668	-0.2009396	-0.1682462	-0.00354696	0.0002538089	0.004200248	0.0009722908	0.001724542	-0.001161366
647	0.1484274	-0.1323432	0.00163126	-0.151834	-0.05722475	-0.08803177	-0.06567901	-0.5854505	-0.2104552	-0.03430744	-0.2417716	-0.01860881	-0.004103146	0.00343345	0.001937963	0.0007839358	0.0006306478	-0.001893559	0.01253751	-0.2463124	-0.05905414	-0.001513366	-0.00159382	0.001870582	0.0008537537	0.001426158	-0.001025297	-0.1582549	-0.2283406	-0.06645942	-0.003398088	-0.001090463	0.001347882	0.0007839358	0.0006306478	-0.001893559	-0.01099902	-0.241422	-0.1968727	-0.004183059	-0.009930233	-0.004006454	0.0008537537	0.001426158	-0.001025297
651	0.1499814	-0.1339292	0.0001254082	-0.1519334	-0.05709779	-0.08842254	-0.06574415	-0.5855517	-0.2116007	-0.01788319	-0.3087708	-0.0384903	0.001028703	-0.0141747	-0.003516899	0.001870914	-0.003929053	-0.002783885	0.01092572	-0.2715952	-0.06078792	-0.001537971	-0.007516057	0.0009694912	0.000634164	-0.0004109412	-0.0009942453	-0.1590226	-0.2281582	-0.0687511	-0.002740493	-0.0007722495	0.0004379918	0.001870914	-0.003929053	-0.002783885	-0.01370674	-0.2410373	-0.197168	-0.003814224	-0.007351502	-0.003078661	0.000634164	-0.0004109412	-0.0009942453
654	0.1503781	-0.1332555	-0.00123167	-0.1513618	-0.05727839	-0.08946753	-0.06388304	-0.5864596	-0.212003	-0.01749356	-0.3077708	-0.05028486	0.0008689328	-0.01038105	-0.005586316	0.001363243	-0.001998375	-0.002605268	0.01084631	-0.2732811	-0.06196022	-0.00117333	-0.006058523	0.0004340424	0.0005667832	5.617779E-05	-0.0008795462	-0.1596988	-0.2283088	-0.07271981	-0.002224401	-0.000616835	-0.000663685	0.001363243	-0.001998375	-0.002605268	-0.01527715	-0.2409358	-0.1971728	-0.003253269	-0.005488254	-0.002310188	0.0005667832	5.617779E-05	-0.0008795462
657	0.1517045	-0.1329163	-0.00400424	-0.1517136	-0.05729455	-0.09112406	-0.05735453	-0.5903211	-0.2103019	-0.00532528	-0.2750638	-0.07648993	0.003693771	0.0003909674	-0.010741	0.001728642	0.001194222	-0.003242623	0.01228932	-0.2462097	-0.05910254	-0.0005192461	0.002223955	0.001039953	0.0005886084	0.002112753	-0.000508182	-0.1592013	-0.2265563	-0.0749824	-0.001543935	-2.449483E-05	-0.001063412	0.001728642	0.001194222	-0.003242623	-0.01618767	-0.2376823	-0.2013459	-0.002667582	-0.00330281	-0.002775931	0.0005886084	0.002112753	-0.000508182
661	0.1510595	-0.1316594	-0.007143021	-0.1521993	-0.05714077	-0.09322023	-0.05327562	-0.5914599	-0.2125133	-0.003508985	-0.2802756	-0.09503341	0.003224402	-0.001009717	-0.01269162	0.001179139	0.0005454951	-0.002919622	0.01932	-0.2240059	-0.1429538	0.001368236	0.007218924	-0.02018284	0.0009133267	0.002833307	-0.005686834	-0.1577146	-0.2242845	-0.07809019	-0.0007862868	0.0005495866	-0.001574505	0.001179139	0.0005454951	-0.002919622	-0.0151149	-0.2322277	-0.2081621	-0.001732495	-0.001113454	-0.003785985	0.0009133267	0.002833307	-0.005686834
664	0.1526415	-0.1309234	-0.01455569	-0.1523464	-0.05631423	-0.09820962	-0.05621386	-0.6035151	-0.19476	0.004160091	-0.2831942	-0.1305282	0.00433557	-0.001486923	-0.01839242	0.001162146	0.0002898198	-0.003614915	0.05594456	-0.2218203	-0.2127603	0.01018232	0.0059606	-0.03258877	0.002888515	0.001810399	-0.007366609	-0.1559522	-0.222527	-0.08211029	-0.0001491175	0.0008515507	-0.002185903	0.001162146	0.0002898198	-0.003614915	-0.01182297	-0.2257901	-0.2159046	-0.0004763878	0.0007743132	-0.00477512	0.002888515	0.001810399	-0.007366609
667	0.151965	-0.1304849	-0.01766372	-0.1550941	-0.05732948	-0.09838891	-0.05531807	-0.5918261	-0.2122984	0.03011257	-0.2681813	-0.168202	0.009739798	0.00263803	-0.02321277	0.002222667	0.001248603	-0.003916275	0.04410297	-0.1650885	-0.1709476	0.004676339	0.0186534	-0.01398838	0.0007898919	0.004531	-0.0008748597	-0.1507722	-0.2206346	-0.08671367	0.001183177	0.001111767	-0.002790274	0.002222667	0.001248603	-0.003916275	-0.002283603	-0.2169756	-0.2253482	0.002027551	0.002784349	-0.00594225	0.0007898919	0.004531	-0.0008748597
670	0.1522603	-0.1299155	-0.02163649	-0.1524895	-0.0578689	-0.09978771	-0.05382048	-0.5911255	-0.2192566	0.02882479	-0.2171221	-0.1582754	0.006982902	0.01474332	-0.01492791	0.000977776	0.003962775	-0.0008659903	0.08863125	-0.1659668	-0.2502429	0.01463933	0.01377046	-0.03031514	0.003083166	0.002177515	-0.004737833	-0.1486881	-0.2182226	-0.09160995	0.001408402	0.001436824	-0.003316776	0.000977776	0.003962775	-0.0008659903	7.808208E-06	-0.2111995	-0.2308974	0.002093516	0.003532292	-0.005843986	0.003083166	0.002177515	-0.004737833
674	0.1531751	-0.1293104	-0.02766991	-0.1582803	-0.05936009	-0.1039507	-0.05303522	-0.59069	-0.2256058	0.03112706	-0.2137542	-0.1634265	0.005812745	0.01189946	-0.01248372	0.0004407928	0.002261117	-3.844546E-05	0.1049902	-0.06832811	-0.2325145	0.01506923	0.03473753	-0.01830424	0.00241985	0.006874903	-0.0005506505	-0.1388994	-0.2138707	-0.09464967	0.003503474	0.002165596	-0.003247511	0.0004407928	0.002261117	-3.844546E-05	0.006584913	-0.2008696	-0.2349075	0.003214413	0.005231694	-0.00538551	0.00241985	0.006874903	-0.0005506505
677	0.1533438	-0.1287646	-0.03179431	-0.1617926	-0.060238	-0.106854	-0.05281255	-0.5903046	-0.2295252	0.05180336	-0.1648896	-0.1674116	0.009528633	0.02114073	-0.01035905	0.001259567	0.004006156	0.0005023329	0.1028821	-0.0438588	-0.2062864	0.01077491	0.03217047	-0.007171163	0.0007413067	0.004514414	0.002370282	-0.1325731	-0.209719	-0.09673977	0.004209178	0.00266213	-0.002958158	0.001259567	0.004006156	0.0005023329	0.01747411	-0.1999627	-0.2402595	0.00513311	0.004150485	-0.005377137	0.0007413067	0.004514414	0.002370282
680	0.153365	-0.1283568	-0.0340457	-0.1630763	-0.06064582	-0.1083448	-0.05221129	-0.5903791	-0.2318668	0.108778	-0.1449316	-0.2489672	0.02139013	0.02084506	-0.02815819	0.00391005	0.002930697	-0.004073035	0.1200313	0.08312488	-0.2484268	0.01236846	0.05587377	-0.01591346	0.0009543698	0.009311635	-0.000407864	-0.1335605	-0.2341583	-0.1592512	0.002910031	-0.004113244	-0.01784648	0.00391005	0.002930697	-0.004073035	0.0313144	-0.1811528	-0.1927794	0.007309904	0.00781535	0.007837174	0.0009543698	0.009311635	-0.000407864
684	0.1536979	-0.1284081	-0.03769612	-0.1638521	-0.06088847	-0.1098359	-0.05162894	-0.591033	-0.2343514	0.1372985	-0.0780392	-0.2781159	0.02317274	0.0323569	-0.02840582	0.003378188	0.005075983	-0.003116683	0.1022114	0.1403359	-0.1915755	0.004821375	0.0562081	0.002277719	-0.001170995	0.007067307	0.004241898	-0.1324742	-0.2327536	-0.1594752	0.002454111	-0.002733742	-0.01344086	0.003378188	0.005075983	-0.003116683	0.03341353	-0.1496893	-0.1816007	0.00600721	0.01372739	0.008672563	-0.001170995	0.007067307	0.004241898
687	0.1540104	-0.1283072	-0.04202247	-0.1644793	-0.06111735	-0.1118355	-0.05147402	-0.5918617	-0.2373092	0.1187022	-0.06480169	-0.246552	0.01273048	0.02757705	-0.01341339	-7.692399E-05	0.002612025	0.001410594	0.121929	0.2057689	-0.195588	0.008545429	0.0585143	0.0007051728	5.276699E-05	0.005877032	0.002788287	-0.1315175	-0.2309181	-0.1606821	0.002079755	-0.001591448	-0.01038236	-7.692399E-05	0.002612025	0.001410594	0.05230391	-0.1674007	-0.1987308	0.009228002	0.00586769	0.002221888	5.276699E-05	0.005877032	0.002788287
690	0.1545634	-0.1283709	-0.04395795	-0.162689	-0.06156737	-0.1113524	-0.05062621	-0.5931126	-0.2389615	0.1313945	-0.01450461	-0.2592933	0.01272091	0.03325706	-0.01324538	-6.008346E-05	0.003379021	0.001099949	0.1174612	0.2045285	-0.1932888	0.005292125	0.04357564	0.001103677	-0.0007737506	0.0006731069	0.002190841	-0.1325985	-0.2298558	-0.1631767	0.001289576	-0.0009280024	-0.008410416	-6.008346E-05	0.003379021	0.001099949	0.05642247	-0.1680472	-0.198927	0.007950642	0.004239146	0.001617362	-0.0007737506	0.0006731069	0.002190841
694	0.1550352	-0.1281998	-0.04555964	-0.1615751	-0.06200486	-0.1113491	-0.04974156	-0.5933648	-0.2405556	0.1297749	-0.007606208	-0.2551367	0.009135787	0.02666739	-0.008894886	-0.0009413442	0.0008868501	0.001912585	0.1030509	0.2137263	-0.1806142	0.0003665145	0.03498117	0.0039964	-0.001811716	-0.001643787	0.002366312	-0.1316943	-0.2281654	-0.1642159	0.001193225	-0.0002733974	-0.006567628	-0.0009413442	0.0008868501	0.001912585	0.05822834	-0.1573265	-0.1863575	0.00641445	0.005859512	0.004355408	-0.001811716	-0.001643787	0.002366312
697	0.1555066	-0.1278538	-0.04791188	-0.1604824	-0.06243396	-0.112426	-0.04766151	-0.5940219	-0.2437557	0.1291234	0.002510369	-0.2523773	0.006688964	0.02252969	-0.0059813	-0.001317714	-0.0003692885	0.002162835	0.0800043	0.2280424	-0.1685901	-0.005486752	0.0298149	0.006003341	-0.002822103	-0.002524408	0.002276469	-0.1301445	-0.2274907	-0.1655946	0.001282371	-3.636692E-05	-0.005270385	-0.001317714	-0.0003692885	0.002162835	0.0607799	-0.1559896	-0.1846737	0.005448726	0.004728859	0.003687514	-0.002822103	-0.002524408	0.002276469
701	0.1559082	-0.1276471	-0.04920053	-0.1595271	-0.0631023	-0.1127567	-0.04556657	-0.5947481	-0.2454252	0.1295277	0.01359665	-0.2539074	0.00511782	0.01966884	-0.004868518	-0.001381072	-0.0009921793	0.001900322	0.05945873	0.2261254	-0.1535567	-0.009251457	0.02188192	0.008260847	-0.003057754	-0.00387655	0.002271728	-0.1291966	-0.2260533	-0.1641151	0.001198744	0.0003320589	-0.003582912	-0.001381072	-0.0009921793	0.001900322	0.05845663	-0.1448364	-0.1762397	0.003505727	0.00633495	0.00487412	-0.003057754	-0.00387655	0.002271728
704	0.1558371	-0.1276458	-0.05001426	-0.1589215	-0.06365782	-0.1122732	-0.04430936	-0.5951775	-0.2460672	0.1285636	0.02153993	-0.2561021	0.003597331	0.01673745	-0.004200049	-0.001415926	-0.001476982	0.001592359	0.04421198	0.2274348	-0.1387448	-0.01075028	0.0167388	0.009898604	-0.002668021	-0.004193192	0.002113235	-0.1270787	-0.2264415	-0.1611296	0.001428548	0.0001519929	-0.001940815	-0.001415926	-0.001476982	0.001592359	0.05732942	-0.1451029	-0.1765454	0.002347492	0.004684589	0.003579176	-0.002668021	-0.004193192	0.002113235
707	0.1556299	-0.1278197	-0.0509305	-0.1586155	-0.06377453	-0.1117117	-0.04300165	-0.5951846	-0.2468404	0.1265293	0.02774656	-0.258745	0.002189429	0.01410474	-0.003810754	-0.00141392	-0.001765913	0.001291593	0.03115222	0.2395079	-0.1254376	-0.01132765	0.01557236	0.01075076	-0.002145359	-0.003436504	0.001797965	-0.1258136	-0.2286037	-0.1607474	0.001387666	-0.000426545	-0.001360065	-0.00141392	-0.001765913	0.001291593	0.05677095	-0.1443021	-0.1775714	0.001621003	0.003713646	0.002427874	-0.002145359	-0.003436504	0.001797965
710	0.1550878	-0.1281427	-0.0529108	-0.1584837	-0.06390667	-0.1111572	-0.04104014	-0.5940722	-0.2468781	0.1247867	0.02837259	-0.2582074	0.001206403	0.01073506	-0.002723687	-0.001306196	-0.002166854	0.001240461	0.0225697	0.2343574	-0.1150012	-0.01064137	0.01039165	0.01067217	-0.001437448	-0.003872557	0.001328827	-0.1255631	-0.2309647	-0.1603354	0.001103387	-0.0009101512	-0.0009170519	-0.001306196	-0.002166854	0.001240461	0.05768275	-0.1485206	-0.173798	0.001443702	0.00173062	0.002764268	-0.001437448	-0.003872557	0.001328827
714	0.1547748	-0.1279671	-0.05369306	-0.158409	-0.06411433	-0.1106665	-0.03983486	-0.5934825	-0.2467067	0.1217266	0.02658188	-0.2586638	0.0001397914	0.007603622	-0.002156849	-0.0012463	-0.002408001	0.001072056	0.01787934	0.2303107	-0.106703	-0.009153618	0.006782067	0.01007867	-0.0007061486	-0.003806813	0.0008482446	-0.1248229	-0.2359109	-0.1591301	0.001012583	-0.001919164	-0.0003864577	-0.0012463	-0.002408001	0.001072056	0.05621573	-0.1489153	-0.1741029	0.000716022	0.001199282	0.001996967	-0.0007061486	-0.003806813	0.0008482446
717	0.1545471	-0.1277812	-0.05438566	-0.1583291	-0.06413949	-0.1101568	-0.03911047	-0.5937238	-0.2471722	0.1179632	0.02313763	-0.2588707	-0.0008360158	0.004841653	-0.001669373	-0.001178677	-0.002496493	0.0009259105	0.01539329	0.2285138	-0.1017187	-0.007486726	0.00463734	0.008805096	-0.0001128885	-0.003391291	0.0003177904	-0.1241502	-0.2404473	-0.1580273	0.0009276115	-0.002573485	-1.414196E-05	-0.001178677	-0.002496493	0.0009259105	0.05270019	-0.1523559	-0.1722949	-0.0003418689	3.929943E-05	0.001949737	-0.0001128885	-0.003391291	0.0003177904
720	0.1548724	-0.1281007	-0.05540562	-0.1577475	-0.06462812	-0.1098671	-0.03737177	-0.5927647	-0.2471673	0.1157879	0.02178431	-0.2598523	-0.001170841	0.003292909	-0.001497422	-0.0009677139	-0.002259556	0.0007374206	0.01164943	0.2255542	-0.09617531	-0.006551009	0.002738103	0.00798966	0.0001492629	-0.003018278	3.448372E-05	-0.1244995	-0.2427682	-0.1551902	0.0006083953	-0.002510328	0.000698659	-0.0009677139	-0.002259556	0.0007374206	0.04807785	-0.1612335	-0.1653029	-0.001411987	-0.002189927	0.003210298	0.0001492629	-0.003018278	3.448372E-05
724	0.1554305	-0.1282957	-0.05643559	-0.1568735	-0.06482035	-0.1096122	-0.0363386	-0.5930979	-0.247491	0.1137416	0.01998031	-0.2603242	-0.001389688	0.002018683	-0.001241054	-0.0007804971	-0.002013223	0.0006171575	0.01049148	0.2253114	-0.09410429	-0.005202745	0.00199287	0.006510001	0.0004490131	-0.002450017	-0.000344052	-0.1247728	-0.2476053	-0.1526024	0.0003879672	-0.00309202	0.001170943	-0.0007804971	-0.002013223	0.0006171575	0.04467329	-0.1648602	-0.1627023	-0.00191013	-0.002549106	0.003057861	0.0004490131	-0.002450017	-0.000344052
727	0.1559983	-0.128634	-0.05721164	-0.1561385	-0.06523353	-0.109411	-0.03556992	-0.5936106	-0.2477318	0.1121465	0.01633912	-0.2613969	-0.001441054	0.0006037152	-0.001198952	-0.0005982145	-0.001863659	0.0004733937	0.009067878	0.2258078	-0.09425497	-0.004257958	0.001618749	0.00484483	0.0005729565	-0.001931043	-0.0006743316	-0.1245947	-0.2509688	-0.1506249	0.0003354926	-0.003159895	0.001372598	-0.0005982145	-0.001863659	0.0004733937	0.0378615	-0.1670478	-0.1623139	-0.003135547	-0.002458732	0.002390492	0.0005729565	-0.001931043	-0.0006743316
730	0.1563657	-0.1288183	-0.05763602	-0.155718	-0.06537372	-0.1088462	-0.03493211	-0.5940108	-0.2477065	0.1112871	0.01176858	-0.263121	-0.00129563	-0.0006898495	-0.001330245	-0.0004123048	-0.001721136	0.000322222	0.007552668	0.2252536	-0.0965538	-0.003572271	0.001075511	0.003058915	0.0006011392	-0.001584092	-0.0009522276	-0.1092285	-0.2237871	-0.08435225	0.004093169	0.004425508	0.0175976	-0.0004123048	-0.001721136	0.000322222	0.004688144	-0.160931	-0.1946514	-0.010645	-0.0003148547	-0.006291488	0.0006011392	-0.001584092	-0.0009522276
734	0.1570012	-0.1288976	-0.05813909	-0.1549402	-0.06552809	-0.1085148	-0.03417679	-0.5942037	-0.2477403	0.1110708	0.007968903	-0.2655004	-0.001025816	-0.001467306	-0.001592538	-0.000241775	-0.001485216	0.0001760932	0.006317109	0.2171845	-0.1074841	-0.002988093	-0.001210641	-0.0004383889	0.0005968988	-0.001759607	-0.001588497	-0.1092851	-0.2237768	-0.08471775	0.003055728	0.003321694	0.01310683	-0.000241775	-0.001485216	0.0001760932	0.002555996	-0.1693224	-0.1992136	-0.008516786	-0.00233399	-0.005859181	0.0005968988	-0.001759607	-0.001588497
737	0.1576413	-0.1291041	-0.05817437	-0.1546084	-0.06581181	-0.1078179	-0.03355586	-0.5945009	-0.2474587	0.1109159	0.003201544	-0.2680597	-0.0008080825	-0.002292319	-0.00183423	-0.0001268979	-0.001320165	7.164702E-05	0.009022117	0.2108263	-0.1226861	-0.001564818	-0.002497533	-0.004129303	0.000803493	-0.001641428	-0.002114101	-0.1090337	-0.2238068	-0.08493304	0.002354642	0.002483775	0.009776298	-0.0001268979	-0.001320165	7.164702E-05	-0.0006800592	-0.1745363	-0.2005098	-0.007196603	-0.003053953	-0.004718426	0.000803493	-0.001641428	-0.002114101
740	0.157531	-0.1289972	-0.0582881	-0.154909	-0.06588352	-0.1074097	-0.03369059	-0.594667	-0.2471889	0.1111471	-0.003662348	-0.2712337	-0.0005482491	-0.003435213	-0.002169159	-3.02151E-05	-0.001275847	-2.999709E-05	0.01309781	0.1990672	-0.1437439	-0.0001546907	-0.004812925	-0.008361408	0.0009551515	-0.001809919	-0.002643602	-0.1088795	-0.223871	-0.08479166	0.001804538	0.001846783	0.007367569	-3.02151E-05	-0.001275847	-2.999709E-05	-0.001194209	-0.1793151	-0.1983926	-0.00552599	-0.003485169	-0.00300953	0.0009551515	-0.001809919	-0.002643602
744	0.1595971	-0.128893	-0.05786252	-0.1531838	-0.06609637	-0.106389	-0.03168935	-0.5946974	-0.2463872	0.1118393	-0.0196597	-0.2762339	-0.0002381321	-0.006575747	-0.002876928	5.48679E-05	-0.001742019	-0.00019944	0.01921915	0.1805133	-0.1695073	0.001414316	-0.008248172	-0.0127119	0.001108615	-0.002216251	-0.003070326	-0.1088361	-0.2243733	-0.08484364	0.001364259	0.0012595	0.005512683	5.48679E-05	-0.001742019	-0.00019944	-0.002405345	-0.1821285	-0.1958826	-0.004447277	-0.003317245	-0.00162963	0.001108615	-0.002216251	-0.003070326
747	0.1596005	-0.1285548	-0.05764461	-0.1535339	-0.0662241	-0.1058273	-0.0317495	-0.5946498	-0.2459005	0.1122244	-0.04619873	-0.2816434	-8.23376E-05	-0.01156657	-0.003510065	8.009956E-05	-0.002554219	-0.0003078644	0.02630973	0.1616297	-0.1954529	0.002833383	-0.01090703	-0.01602034	0.001186228	-0.002326902	-0.003129854	-0.1091855	-0.225176	-0.08454466	0.0009358437	0.0007439585	0.004209256	8.009956E-05	-0.002554219	-0.0003078644	-0.004735738	-0.1845824	-0.1922759	-0.003918055	-0.003101385	-0.0003205533	0.001186228	-0.002326902	-0.003129854
751	0.1627997	-0.1278412	-0.05809832	-0.1507027	-0.06633753	-0.1058993	-0.03458247	-0.6117755	-0.2047418	0.1049582	-0.08844259	-0.2648807	-0.001878305	-0.01923589	0.001558134	-0.0003889173	-0.003832996	0.001036152	0.04395641	0.1339053	-0.2390549	0.006536709	-0.01511136	-0.02291576	0.001815503	-0.002796259	-0.004071244	-0.1095698	-0.2270495	-0.08360767	0.0006057926	8.958811E-05	0.003391189	-0.0003889173	-0.003832996	0.001036152	-0.006624162	-0.1864256	-0.1892296	-0.003410648	-0.002786853	0.0005211536	0.001815503	-0.002796259	-0.004071244
754	0.1571132	-0.1145338	-0.0635941	-0.1573678	-0.06954694	-0.09891939	-0.03650706	-0.5946471	-0.2316982	0.09540289	-0.1380724	-0.2157462	-0.003797551	-0.02683436	0.01345222	-0.0007714994	-0.004774365	0.003750636	0.06236291	0.07535362	-0.2487372	0.009504155	-0.02597144	-0.01960739	0.002103488	-0.004812215	-0.002226342	-0.1008948	-0.2293229	-0.08880639	0.002623104	-0.0005011616	0.001243712	-0.0007714994	-0.004774365	0.003750636	-0.00167492	-0.225857	-0.2192988	-0.001320675	-0.01194798	-0.007126443	0.002103488	-0.004812215	-0.002226342
757	0.1586601	-0.112846	-0.06508899	-0.1556916	-0.06955588	-0.09810114	-0.03323725	-0.5944269	-0.2325619	0.09435543	-0.1514248	-0.2111334	-0.003110027	-0.02346387	0.01124237	-0.0004067436	-0.002738151	0.002260513	0.06059778	0.00663051	-0.2312614	0.006686834	-0.03665936	-0.01033658	0.0008732859	-0.006281141	0.000647946	-0.1017135	-0.231707	-0.08707643	0.001762661	-0.0009718953	0.001365275	-0.0004067436	-0.002738151	0.002260513	-0.002413243	-0.2246624	-0.2204404	-0.001175087	-0.008662344	-0.005630219	0.0008732859	-0.006281141	0.000647946
760	0.1599133	-0.111252	-0.06596828	-0.1543105	-0.06967592	-0.09740496	-0.03068194	-0.5938411	-0.2331789	0.09118937	-0.2045042	-0.2081037	-0.003124036	-0.03086775	0.009189203	-0.00030856	-0.003904583	0.001182094	0.07176147	-0.01933396	-0.3068023	0.00780605	-0.03398564	-0.02663766	0.0009347685	-0.004042425	-0.003589311	-0.1027496	-0.2335072	-0.08458257	0.001062954	-0.001178966	0.001647421	-0.00030856	-0.003904583	0.001182094	-0.002478808	-0.223916	-0.2213048	-0.0008977067	-0.006310158	-0.004438761	0.0009347685	-0.004042425	-0.003589311
764	0.1609907	-0.1099667	-0.06523013	-0.1532378	-0.0695436	-0.09612632	-0.02863882	-0.5930474	-0.2329491	0.08929932	-0.2184254	-0.2073516	-0.002815539	-0.02663112	0.007079925	-0.0001542958	-0.001869279	0.0003592506	0.0633826	-0.09428382	-0.235889	0.003759818	-0.04422669	-0.002249919	-0.0003104816	-0.005592083	0.003404953	-0.1039718	-0.2363425	-0.08115983	0.0004916819	-0.001593051	0.00209125	-0.0001542958	-0.001869279	0.0003592506	-0.002010971	-0.2230703	-0.2223324	-0.0005563208	-0.00452119	-0.003585967	-0.0003104816	-0.005592083	0.003404953
767	0.1632279	-0.1093539	-0.06518674	-0.1522147	-0.06934756	-0.09470606	-0.02691085	-0.5925807	-0.2321705	0.06265408	-0.2195817	-0.1646184	-0.008772966	-0.02026242	0.01599324	-0.001605078	0.0001902146	0.002497767	0.06770305	-0.1338017	-0.1824181	0.003899976	-0.04304948	0.01168027	-0.0001978217	-0.003899759	0.006036263	-0.1046067	-0.2384495	-0.07643771	0.0002100193	-0.001721522	0.002748967	-0.001605078	0.0001902146	0.002497767	-0.003252834	-0.2218548	-0.2235129	-0.0007277062	-0.003087024	-0.002984607	-0.0001978217	-0.003899759	0.006036263
770	0.1657426	-0.1085669	-0.06308794	-0.1512528	-0.06941646	-0.09208989	-0.02497388	-0.5920258	-0.2299399	0.05478939	-0.2342544	-0.1539612	-0.008545895	-0.01886499	0.01465923	-0.001147041	0.0004920205	0.001539822	0.05830552	-0.2218889	-0.184249	0.0005755995	-0.05430892	0.008302471	-0.0009794603	-0.005739679	0.003682747	-0.1046268	-0.2395323	-0.07053065	0.0001525077	-0.001561858	0.00353849	-0.001147041	0.0004920205	0.001539822	-0.003737748	-0.2200429	-0.225316	-0.0006670081	-0.001862295	-0.002689245	-0.0009794603	-0.005739679	0.003682747
774	0.1664169	-0.1073818	-0.05936813	-0.150898	-0.06950855	-0.08827877	-0.02374301	-0.5911242	-0.2270739	0.04174316	-0.2696669	-0.1271522	-0.009670981	-0.02300185	0.01769667	-0.001141552	-0.0006652016	0.001914226	0.05401134	-0.2511553	-0.1687459	-0.0006418452	-0.04804828	0.01010264	-0.001038956	-0.002739601	0.003212103	-0.1041624	-0.2415618	-0.06657052	0.0002304683	-0.001678771	0.003643901	-0.001141552	-0.0006652016	0.001914226	-0.004544556	-0.2190414	-0.2263831	-0.0007019582	-0.001146337	-0.002283695	-0.001038956	-0.002739601	0.003212103
777	0.1666249	-0.1060119	-0.05530882	-0.1512355	-0.07037431	-0.08517766	-0.02021191	-0.5910829	-0.2241821	0.03566594	-0.2754663	-0.09983039	-0.00877254	-0.01870125	0.02010295	-0.0006315539	0.0005762493	0.002037241	0.02800415	-0.2798572	-0.1311195	-0.00698318	-0.04321169	0.01698358	-0.002364551	-0.0008455515	0.004129311	-0.1031826	-0.2430798	-0.06325293	0.0004177965	-0.001638558	0.003562324	-0.0006315539	0.0005762493	0.002037241	-0.005624741	-0.2188579	-0.2265996	-0.0007965149	-0.000813876	-0.001766892	-0.002364551	-0.0008455515	0.004129311
780	0.1675115	-0.1054756	-0.05012655	-0.1512747	-0.07127136	-0.08151317	-0.0171819	-0.5906107	-0.2191855	0.02573742	-0.273752	-0.05570722	-0.009061534	-0.01359736	0.02610801	-0.0005459139	0.00170816	0.003029195	0.01158913	-0.289543	-0.1162604	-0.00934114	-0.03483021	0.01645245	-0.002362903	0.001461205	0.002964202	-0.1021632	-0.2443371	-0.05755043	0.0005682168	-0.001543251	0.004097367	-0.0005459139	0.00170816	0.003029195	-0.008081406	-0.219096	-0.2262634	-0.001211552	-0.0006699297	-0.001241126	-0.002362903	0.001461205	0.002964202
784	0.1692864	-0.1048251	-0.04280281	-0.1507979	-0.07166624	-0.07849407	-0.01644832	-0.5904125	-0.2152624	0.01630277	-0.2663852	-0.03259873	-0.009154814	-0.008356318	0.02535813	-0.0004327555	0.00259138	0.002084425	0.01221845	-0.2886947	-0.1182859	-0.006848525	-0.0259106	0.01183297	-0.001149024	0.003325807	0.00106828	-0.1020063	-0.2455475	-0.05494285	0.0004653899	-0.001460051	0.003724921	-0.0004327555	0.00259138	0.002084425	-0.008203119	-0.2193736	-0.2259238	-0.0009390925	-0.0005718457	-0.000845938	-0.001149024	0.003325807	0.00106828
787	0.1697396	-0.1047055	-0.03522897	-0.1513988	-0.07219672	-0.07534552	-0.01735986	-0.5889765	-0.2120454	0.005768977	-0.2337378	-0.005946159	-0.009499558	0.001894604	0.02568174	-0.0004107526	0.004506266	0.001644222	0.01190352	-0.2889417	-0.1173625	-0.005215127	-0.01949468	0.009105576	-0.0004534184	0.004098335	0.0001193618	-0.1019054	-0.2459232	-0.05312514	0.0003742627	-0.001188961	0.003248117	-0.0004107526	0.004506266	0.001644222	-0.009161621	-0.2220728	-0.2229187	-0.0009439449	-0.001103702	0.0001168035	-0.0004534184	0.004098335	0.0001193618
790	0.1702285	-0.1057619	-0.02832413	-0.1522991	-0.07369781	-0.07453084	-0.01905635	-0.5883909	-0.2108976	0.00326173	-0.232356	-0.005854368	-0.007751481	0.001766407	0.01928425	0.0001289549	0.00334765	-0.0003662049	0.01204019	-0.2884675	-0.1186035	-0.003877179	-0.01450246	0.00651894	-5.576701E-06	0.004321805	-0.0005571377	-0.1018674	-0.2462661	-0.0515914	0.000290189	-0.0009774468	0.002819524	0.0001289549	0.00334765	-0.0003662049	-0.009945393	-0.2246103	-0.2202538	-0.0009039015	-0.001462141	0.0007538335	-5.576701E-06	0.004321805	-0.0005571377
794	0.1707987	-0.1049457	-0.02079797	-0.1522142	-0.07384354	-0.07364368	-0.01988511	-0.5869502	-0.2096262	-0.0002094619	-0.2321385	-0.002449512	-0.006681409	0.001379187	0.0153144	0.0003642342	0.002413932	-0.001267116	0.01225014	-0.2859806	-0.1200914	-0.002855396	-0.01025513	0.004517213	0.0002512633	0.004303188	-0.0009182852	-0.1019498	-0.2465613	-0.05086684	0.0001970484	-0.0008068756	0.002295782	0.0003642342	0.002413932	-0.001267116	-0.01318392	-0.2294671	-0.2148494	-0.001487558	-0.002310797	0.001916493	0.0002512633	0.004303188	-0.0009182852
797	0.1674682	-0.1045391	-0.02149415	-0.1559758	-0.07326013	-0.07943416	-0.02448032	-0.5856924	-0.2139467	-0.003017426	-0.2321309	-0.002719879	-0.005713047	0.001036275	0.01141821	0.000515266	0.001724721	-0.001924385	0.01236275	-0.28589	-0.1200879	-0.002113394	-0.00766871	0.003388803	0.0003739479	0.003873995	-0.0009708161	-0.1019296	-0.247008	-0.05071402	0.0001528229	-0.0007168335	0.001760043	0.000515266	0.001724721	-0.001924385	-0.01470777	-0.2320155	-0.211904	-0.001496632	-0.002370205	0.002173696	0.0003739479	0.003873995	-0.0009708161
800	0.1684346	-0.1059937	-0.01629901	-0.1555332	-0.07336497	-0.07947135	-0.0248019	-0.5855414	-0.2125906	-0.005158745	-0.2321661	-0.004003048	-0.004820115	0.0007684221	0.008242866	0.0006096825	0.001226578	-0.002237125	0.01244878	-0.2857567	-0.1200526	-0.001563538	-0.005718191	0.002550424	0.0004179248	0.003393126	-0.0009377069	-0.1023511	-0.2462822	-0.05325913	9.251031E-06	-0.0003561812	0.0006837526	0.0006096825	0.001226578	-0.002237125	-0.01553631	-0.2340715	-0.2071037	-0.001329608	-0.002291661	0.002830352	0.0004179248	0.003393126	-0.0009377069
804	0.1669642	-0.1064476	-0.01455402	-0.1564306	-0.07271892	-0.08316374	-0.02665506	-0.5847442	-0.2145799	-0.005831771	-0.2323091	-0.006852865	-0.003783343	0.0005405464	0.005469695	0.000716455	0.0008629644	-0.002371136	0.01250579	-0.2845165	-0.1200244	-0.001158402	-0.003978603	0.001919851	0.0004147278	0.002979742	-0.0008609234	-0.1028763	-0.2438035	-0.05834317	-0.0001243633	0.0003525364	-0.000758195	0.000716455	0.0008629644	-0.002371136	-0.01589516	-0.2369425	-0.2001851	-0.001086918	-0.002436494	0.003852431	0.0004147278	0.002979742	-0.0008609234
807	0.1671122	-0.1081433	-0.01061225	-0.1548988	-0.07318628	-0.08218646	-0.02610694	-0.5854235	-0.2121614	-0.005305968	-0.2323839	-0.008223534	-0.002706056	0.0003867237	0.003759604	0.0008066629	0.0006087676	-0.002205875	0.009710554	-0.2273017	-0.02953196	-0.00156761	0.01131976	0.02406301	0.0002087438	0.006059397	0.004890097	-0.1058932	-0.2435066	-0.06730676	-0.0008475022	0.0003386399	-0.002809542	0.0008066629	0.0006087676	-0.002205875	-0.007684618	-0.2454093	-0.1962526	0.001237446	-0.003944077	0.003872443	0.0002087438	0.006059397	0.004890097
811	0.1652299	-0.1080167	-0.009160519	-0.1551183	-0.07238168	-0.08549738	-0.0271457	-0.5847628	-0.2137491	-0.004462887	-0.2325469	-0.01219845	-0.001818772	0.0002492881	0.001825975	0.0008268183	0.0004222168	-0.002137814	-0.00269077	-0.2089584	-0.1327426	-0.004276038	0.01307563	-0.007755414	-0.0005205492	0.004983516	-0.004287033	-0.1085146	-0.2419112	-0.07484746	-0.001290972	0.000652817	-0.003992333	0.0008268183	0.0004222168	-0.002137814	-0.004341036	-0.2481862	-0.1927693	0.00176398	-0.003652273	0.003775156	-0.0005205492	0.004983516	-0.004287033
814	0.1644353	-0.108981	-0.006464243	-0.1545245	-0.07193023	-0.08662939	-0.02646224	-0.585149	-0.2117769	0.001343802	-0.2517771	-0.02279186	8.75931E-05	-0.004620573	-0.001278872	0.001096705	-0.0009008027	-0.002379572	-0.003478106	-0.2063719	-0.1295874	-0.003403863	0.01045336	-0.005027752	-0.0001723681	0.003082068	-0.002533359	-0.1109672	-0.2405741	-0.08109331	-0.001581367	0.0008239053	-0.004555712	0.001096705	-0.0009008027	-0.002379572	0.0006548464	-0.2474844	-0.1936824	0.002571956	-0.002563755	0.002603081	-0.0001723681	0.003082068	-0.002533359
817	0.1640861	-0.1099237	-0.004820108	-0.1542623	-0.07154626	-0.08762836	-0.02538426	-0.5857236	-0.2102159	0.005746596	-0.2698717	-0.03356123	0.001166393	-0.007989102	-0.003651496	0.001092229	-0.001517734	-0.002377835	0.01791974	-0.2721034	-0.1313183	0.002796565	-0.00859287	-0.004203544	0.001420831	-0.002450006	-0.001693967	-0.1127401	-0.237771	-0.08882236	-0.001629261	0.001318701	-0.005349047	0.001092229	-0.001517734	-0.002377835	0.003635108	-0.2415423	-0.2012944	0.002674032	-0.0004372856	4.93133E-05	0.001420831	-0.002450006	-0.001693967
821	0.1658795	-0.1110631	-0.002921581	-0.1519278	-0.0716449	-0.08759332	-0.02262634	-0.5861092	-0.2088912	0.007498857	-0.2719851	-0.04093766	0.00131286	-0.006520162	-0.00458273	0.0008557884	-0.0007710657	-0.002016185	0.02348552	-0.2442149	-0.1497959	0.003488868	0.0005274815	-0.007772048	0.001238699	0.0004425833	-0.002162602	-0.1142455	-0.2327788	-0.09278131	-0.001598297	0.00223708	-0.005001521	0.0008557884	-0.0007710657	-0.002016185	0.008466065	-0.2379039	-0.2056153	0.003213264	0.0005816362	-0.00104323	0.001238699	0.0004425833	-0.002162602
824	0.1672002	-0.1111816	-0.0002083778	-0.1499206	-0.07119608	-0.08658028	-0.02050705	-0.5859364	-0.2073067	0.01073771	-0.2693295	-0.05097365	0.001794358	-0.004226238	-0.005946046	0.0007622158	-4.818081E-06	-0.001852967	0.04248703	-0.2231537	-0.1838276	0.007367029	0.005660903	-0.01433697	0.001898564	0.001615293	-0.003263182	-0.1155794	-0.2278708	-0.09671044	-0.001532203	0.002904794	-0.004733425	0.0007622158	-4.818081E-06	-0.001852967	0.01409388	-0.2311048	-0.2131573	0.0038169	0.002135988	-0.002667926	0.001898564	0.001615293	-0.003263182
827	0.1682418	-0.1120063	0.0004227161	-0.1485813	-0.07105291	-0.0868845	-0.01920635	-0.5858034	-0.2072226	0.01321343	-0.2591907	-0.06039858	0.001964699	-0.0006349757	-0.006815766	0.0006142469	0.0008942019	-0.001607155	0.04802062	-0.1818476	-0.1770699	0.006908668	0.01457221	-0.009063296	0.001309333	0.003439296	-0.001128967	-0.1163433	-0.2240757	-0.09934247	-0.001340111	0.003127382	-0.004208074	0.0006142469	0.0008942019	-0.001607155	0.01886204	-0.224397	-0.2199695	0.004054716	0.003278938	-0.003703998	0.001309333	0.003439296	-0.001128967
831	0.169703	-0.1132492	0.0003566742	-0.1467012	-0.07051009	-0.08751559	-0.01757132	-0.5854033	-0.207325	0.01629145	-0.2512645	-0.0692625	0.002243028	0.001505325	-0.007327806	0.0005302676	0.001205727	-0.001333377	0.05338949	-0.1726229	-0.1798066	0.006523719	0.01323533	-0.007481644	0.0008857625	0.002245254	-0.0004513125	-0.1168972	-0.2201864	-0.1024344	-0.001143574	0.003317845	-0.003929039	0.0005302676	0.001205727	-0.001333377	0.02048635	-0.2101564	-0.2336587	0.003447116	0.006019363	-0.006200288	0.0008857625	0.002245254	-0.0004513125
834	0.1708021	-0.1155688	-0.001280546	-0.1451349	-0.0703752	-0.08827472	-0.01616684	-0.585577	-0.2077042	0.02081561	-0.2421205	-0.0794847	0.002813313	0.003415003	-0.008051403	0.0005402719	0.001381714	-0.001180932	0.06309221	-0.1484714	-0.1840656	0.007318469	0.01596437	-0.006675981	0.0008630094	0.0023662	-0.0001370685	-0.1170558	-0.2179601	-0.1057078	-0.0008973253	0.003044972	-0.003765121	0.0005402719	0.001381714	-0.001180932	0.02317604	-0.2079737	-0.2352548	0.003257759	0.005060191	-0.00504924	0.0008630094	0.0023662	-0.0001370685
837	0.171626	-0.1157547	-0.002581358	-0.1437021	-0.07011265	-0.08921289	-0.01477476	-0.5853796	-0.2083454	0.04536464	-0.2616266	-0.1343048	0.00824724	-0.002315287	-0.01974357	0.001763686	-0.0003962866	-0.00380874	0.06845234	-0.1392921	-0.1772093	0.006828886	0.01426811	-0.003292905	0.0005248612	0.001350584	0.0007429675	-0.117269	-0.2148103	-0.1067861	-0.0007262955	0.003071166	-0.003093432	0.001763686	-0.0003962866	-0.00380874	0.02730122	-0.2036206	-0.2387208	0.003474614	0.004883416	-0.004653432	0.0005248612	0.001350584	0.0007429675
840	0.1725792	-0.1156446	-0.00403142	-0.1424416	-0.07001281	-0.09030104	-0.01335713	-0.5851408	-0.2089589	0.04786988	-0.2594782	-0.1378174	0.006811742	-0.001199368	-0.01568583	0.0009638896	-1.823515E-05	-0.001842121	0.06313527	-0.08185305	-0.223001	0.003792395	0.02506084	-0.01391761	-0.0003654768	0.003711121	-0.002098952	-0.1171453	-0.2121622	-0.1071335	-0.0005137942	0.00296541	-0.002406918	0.0009638896	-1.823515E-05	-0.001842121	0.0309273	-0.1997956	-0.241589	0.00351248	0.004618814	-0.004207118	-0.0003654768	0.003711121	-0.002098952
844	0.1738647	-0.1145886	-0.005416632	-0.1405264	-0.06982559	-0.09056211	-0.01126613	-0.5850608	-0.2089553	0.05522339	-0.2564673	-0.1471851	0.006947184	-0.0001468011	-0.0141063	0.0007567778	0.0002494653	-0.0009867076	0.06228291	-0.07156086	-0.2336007	0.002631208	0.02136868	-0.01308814	-0.0005644044	0.0018603	-0.001366846	-0.1168927	-0.2108261	-0.1075332	-0.0003221946	0.002558075	-0.001905116	0.0007567778	0.0002494653	-0.0009867076	0.02984673	-0.1733564	-0.2319871	0.002364217	0.01007391	-0.000754881	-0.0005644044	0.0018603	-0.001366846
847	0.174278	-0.1139359	-0.007784128	-0.1397953	-0.06974924	-0.09095979	-0.01028772	-0.5851009	-0.2091442	0.06120644	-0.2532895	-0.1536894	0.006706149	0.000684362	-0.0122058	0.0005073246	0.0003948898	-0.0002649056	0.09479413	-0.0691072	-0.2049733	0.01010121	0.01663992	-0.002659259	0.001444197	0.0002130358	0.001582086	-0.1165388	-0.2106532	-0.1076958	-0.0001531703	0.001961777	-0.001469487	0.0005073246	0.0003948898	-0.0002649056	0.03021133	-0.1714857	-0.2318795	0.001864313	0.008023111	-0.0005392492	0.001444197	0.0002130358	0.001582086
850	0.1744444	-0.1121036	-0.01079512	-0.1389716	-0.06954145	-0.09100842	-0.009157166	-0.5847925	-0.2089669	0.06543841	-0.250541	-0.156606	0.006087605	0.001200401	-0.009883492	0.0002258576	0.0004251772	0.0003818973	0.05477612	-0.04792413	-0.2476492	-0.002428596	0.01777571	-0.01266341	-0.002049304	0.0004437241	-0.001314472	-0.1161431	-0.2105292	-0.1074991	-1.594891E-05	0.001502342	-0.001052942	0.0002258576	0.0004251772	0.0003818973	0.02998668	-0.1686047	-0.2294453	0.001342072	0.006737581	0.0002040967	-0.002049304	0.0004437241	-0.001314472
854	0.1738359	-0.1109348	-0.01488829	-0.1387483	-0.06947476	-0.09043503	-0.008217499	-0.584657	-0.2087162	0.06833418	-0.2483493	-0.1569455	0.005289645	0.001448224	-0.007497496	-3.009682E-05	0.0003808386	0.0008829221	0.05353065	-0.03889135	-0.2483227	-0.002132814	0.01558998	-0.009665938	-0.001463032	-0.0002136397	-0.0002364868	-0.1162358	-0.2110619	-0.1061339	-3.514789E-05	0.0009935774	-0.0004484099	-3.009682E-05	0.0003808386	0.0008829221	0.0293071	-0.1633902	-0.2208295	0.0008366588	0.006356821	0.002307035	-0.001463032	-0.0002136397	-0.0002364868
857	0.1742799	-0.1091726	-0.01749587	-0.138352	-0.06941098	-0.08959317	-0.006966919	-0.5845089	-0.208088	0.06934103	-0.24724	-0.156286	0.004218948	0.001363494	-0.005458255	-0.0002902469	0.0002644463	0.001172002	0.05080103	-0.04279462	-0.2450224	-0.002282015	0.01071667	-0.006424376	-0.001134574	-0.001378558	0.0006330254	-0.1157194	-0.2128891	-0.1043761	0.0001027502	0.0002883954	0.0001031576	-0.0002902469	0.0002644463	0.001172002	0.02838096	-0.162609	-0.2129099	0.0003959598	0.004962911	0.003710164	-0.001134574	-0.001378558	0.0006330254
860	0.1738695	-0.1064956	-0.01951504	-0.1379948	-0.06956518	-0.08902431	-0.00610213	-0.5845141	-0.2075019	0.04378327	-0.2090618	-0.1080818	-0.003225231	0.01056716	0.007957354	-0.00207873	0.00249925	0.004232903	0.07314838	-0.08299065	-0.287748	0.003875325	-0.002011508	-0.01549967	0.0006884043	-0.004215962	-0.001794055	-0.116551	-0.2160996	-0.09788358	-0.0001308309	-0.0005863247	0.001700492	-0.00207873	0.00249925	0.004232903	0.02557078	-0.1598407	-0.1925168	-0.0004055752	0.004414253	0.007880907	0.0006884043	-0.004215962	-0.001794055
864	0.1737564	-0.1041408	-0.02199817	-0.1374945	-0.06943995	-0.0877409	-0.005056307	-0.5843093	-0.2064258	0.06486247	-0.2438202	-0.1552702	0.002850879	-0.0007642228	-0.005829085	-4.00201E-05	-0.0009584071	-0.0002719322	0.03411451	-0.1203368	-0.2897445	-0.006851973	-0.01084516	-0.01212388	-0.002165521	-0.005370384	-0.0005015942	-0.1165549	-0.21919	-0.09360611	-9.912156E-05	-0.001212346	0.002344736	-4.00201E-05	-0.0009584071	-0.0002719322	0.02515545	-0.1727929	-0.2100536	-0.0004080127	7.26413E-05	0.00152649	-0.002165521	-0.005370384	-0.0005015942
867	0.1756396	-0.1032741	-0.0230875	-0.1357135	-0.0697161	-0.08543229	-0.002872512	-0.584359	-0.2044801	0.04002187	-0.2148387	-0.09619379	-0.004071992	0.006672195	0.01039729	-0.001760733	0.001140299	0.003852645	0.03879768	-0.1055894	-0.2948968	-0.003968188	-0.004447027	-0.010381	-0.0009031949	-0.002428255	5.952551E-05	-0.1162051	-0.2220857	-0.08734679	1.311374E-05	-0.001633195	0.003323382	-0.001760733	0.001140299	0.003852645	0.01605937	-0.1730263	-0.1997484	-0.002580031	-3.860798E-06	0.003721159	-0.0009031949	-0.002428255	5.952551E-05
871	0.1765027	-0.1020737	-0.02275586	-0.134967	-0.06995362	-0.0827148	-0.001475021	-0.5846562	-0.2025576	0.05917192	-0.2581494	-0.1470389	0.001733519	-0.005823529	-0.004913316	0.0001308281	-0.002268707	-0.0009381685	0.01849407	-0.1451519	-0.2795995	-0.008052043	-0.01322591	-0.003961426	-0.00169836	-0.004015912	0.001649537	-0.1151705	-0.226799	-0.08348989	0.0002684822	-0.002403213	0.003456761	0.0001308281	-0.002268707	-0.0009381685	0.01462638	-0.1771316	-0.189113	-0.00229327	-0.001029213	0.005449713	-0.00169836	-0.004015912	0.001649537
874	0.1721913	-0.1006585	-0.02704906	-0.1390562	-0.07023633	-0.08294225	-0.005642667	-0.5852013	-0.2036982	0.03689851	-0.2197327	-0.09126163	-0.004268213	0.005236539	0.01025934	-0.001402312	0.001063487	0.003089538	0.05258697	-0.1450903	-0.1785126	0.002484192	-0.009904023	0.02230067	0.001360289	-0.002181463	0.007802678	-0.1135175	-0.231839	-0.08004045	0.0006146156	-0.003062407	0.003454931	-0.001402312	0.001063487	0.003089538	0.007760942	-0.1797127	-0.1732284	-0.003436313	-0.001417197	0.008058445	0.001360289	-0.002181463	0.007802678
877	0.1747642	-0.09662527	-0.0238626	-0.1336115	-0.07047987	-0.07604265	-0.0007580221	-0.5855174	-0.1976134	0.05447998	-0.2805376	-0.1392801	0.001194207	-0.01127382	-0.004310109	0.0003138711	-0.003329975	-0.001325209	0.02806014	-0.1423387	-0.1865196	-0.004268562	-0.006740113	0.01472374	-0.000667972	-0.0008451194	0.003957776	-0.1127227	-0.2379934	-0.07561445	0.0006596686	-0.003835418	0.003697699	0.0003138711	-0.003329975	-0.001325209	0.000667572	-0.1763971	-0.1595707	-0.004350577	-0.0002340059	0.009458256	-0.000667972	-0.0008451194	0.003957776
880	0.1749918	-0.09482169	-0.02335334	-0.1331433	-0.07095581	-0.07409859	-0.0005750656	-0.5856542	-0.196185	0.05492759	-0.2835066	-0.1364434	0.001007559	-0.009197623	-0.002523405	0.0001887414	-0.001978431	-0.0005472309	0.02672631	-0.1667765	-0.1644603	-0.003534878	-0.01116453	0.01655764	-0.0003175579	-0.001739943	0.003426806	-0.1121397	-0.2422719	-0.07094193	0.0006404923	-0.003946183	0.003941406	0.0001887414	-0.001978431	-0.0005472309	-0.003256589	-0.2377613	-0.1931769	-0.004243973	-0.01551654	-0.001307851	-0.0003175579	-0.001739943	0.003426806
884	0.1732354	-0.09303856	-0.02451801	-0.1346389	-0.0711624	-0.07466412	-0.003097251	-0.585192	-0.1973146	0.05242458	-0.2862928	-0.1310863	0.0001299146	-0.007594749	-0.0005532973	-7.785509E-05	-0.001083105	8.210383E-05	0.01804608	-0.1743821	-0.15728	-0.004821217	-0.0102748	0.01421331	-0.0005597531	-0.001082525	0.001984023	-0.1119978	-0.2449864	-0.06712484	0.0005158414	-0.003638274	0.003910325	-7.785509E-05	-0.001083105	8.210383E-05	-0.007006466	-0.2349348	-0.1854283	-0.004120449	-0.01093079	0.0009562629	-0.0005597531	-0.001082525	0.001984023
887	0.175499	-0.09309381	-0.02065372	-0.1321204	-0.07379562	-0.07003927	7.632375E-05	-0.5863007	-0.1927322	0.02617453	-0.2555109	-0.07860947	-0.006465076	0.001999397	0.01270425	-0.001707139	0.001586208	0.003375964	0.0445669	-0.2127471	-0.1952828	0.003014293	-0.01729735	0.001159271	0.001539062	-0.002567532	-0.001775493	-0.1109304	-0.2487233	-0.06354642	0.0006537534	-0.003662911	0.00382735	-0.001707139	0.001586208	0.003375964	-0.0163871	-0.2327991	-0.1699227	-0.005435497	-0.007664168	0.004593585	0.001539062	-0.002567532	-0.001775493
890	0.1746683	-0.09171444	-0.02146363	-0.1518072	-0.0732556	-0.07901359	-0.009926856	-0.596904	-0.1620122	0.02904206	-0.2654138	-0.07757902	-0.004131925	-0.0009761686	0.009785797	-0.0006970664	0.0004457644	0.00180236	0.0376838	-0.2244654	-0.1723307	0.000539944	-0.01590258	0.006607473	0.0005357096	-0.001576956	3.043085E-05	-0.0893133	-0.252761	-0.05121565	0.005894579	-0.003756625	0.005953205	-0.0006970664	0.0004457644	0.00180236	-0.02159736	-0.2327857	-0.1604743	-0.005379185	-0.00574477	0.005807291	0.0005357096	-0.001576956	3.043085E-05
