175	0.1340052	-0.02973896	-0.1845195	-0.1256358	-0.08049685	-0.1337519	0.005744316	-0.5858216	-0.1939504	0.0830221	-0.2880965	0.05377769	0.0004123179	-0.0004847036	0.0001543391	-2.878537E-05	-0.0001154991	3.723909E-05	-0.06238846	0.2048535	-0.07781291	-0.002215558	0.0005595129	0.00271838	-0.001003487	0.000185154	0.0009897822	-0.03413826	-0.1717246	-0.1664505	0.0008170742	0.0008957284	-0.000443815	-2.878537E-05	-0.0001154991	3.723909E-05	0.229354	0.1837957	0.06363297	-0.0008107305	0.0004299287	0.001484473	-0.001003487	0.000185154	0.0009897822
178	0.1339549	-0.02978021	-0.1845186	-0.1256157	-0.08031934	-0.1339734	0.005830817	-0.5857856	-0.1940405	0.08312082	-0.2882738	0.05392241	0.0003339166	-0.0004078438	0.0001519343	-4.118935E-05	-6.74094E-05	2.732813E-05	-0.08384392	0.2777478	-0.09370708	-0.007025533	0.01864322	-0.001934759	-0.001955109	0.004659792	-0.000420948	-0.03230393	-0.1713333	-0.1671331	0.001071389	0.0007696149	-0.0005035094	-4.118935E-05	-6.74094E-05	2.732813E-05	0.2305321	0.1816147	0.06525445	-0.000313519	-0.0002227944	0.001518726	-0.001955109	0.004659792	-0.000420948
181	0.1339055	-0.02995539	-0.1846018	-0.1257572	-0.07978374	-0.134007	0.005762033	-0.5853564	-0.1939821	0.08347734	-0.2872576	0.05393171	0.0003395687	-5.184783E-05	0.0001162753	-2.947898E-05	3.844194E-05	1.158134E-05	-0.06344416	0.2060909	-0.0725019	-0.0001692111	-0.003931806	0.003850228	0.000247749	-0.002148912	0.001130536	-0.03138949	-0.1704295	-0.168308	0.001032152	0.000803165	-0.0006713637	-2.947898E-05	3.844194E-05	1.158134E-05	0.2310594	0.1801279	0.06704783	-0.0001033124	-0.0005387978	0.001587391	0.000247749	-0.002148912	0.001130536
185	0.1338837	-0.02999032	-0.1846249	-0.1255748	-0.07969332	-0.134711	0.005730711	-0.5851542	-0.1938729	0.08383309	-0.2866706	0.05354595	0.0003436141	0.0001078682	-9.233801E-06	-2.109788E-05	6.876046E-05	-2.269128E-05	-0.06221226	0.2060861	-0.07378387	0.0001810661	-0.002950069	0.002567177	0.0002733811	-0.00136625	0.0005271389	-0.03110813	-0.1696354	-0.169214	0.0008444546	0.0008008945	-0.0007300205	-2.109788E-05	6.876046E-05	-2.269128E-05	0.2236614	0.1901173	0.06437922	-0.001926987	0.002093254	0.0005233882	0.0002733811	-0.00136625	0.0005271389
188	0.1338526	-0.03002304	-0.1846414	-0.1256513	-0.07952398	-0.1350758	0.00569497	-0.5851544	-0.1937914	0.08442211	-0.2861674	0.05307651	0.0004049657	0.0002066893	-0.0001242869	-4.855119E-07	7.627562E-05	-4.578173E-05	-0.06323321	0.2063253	-0.07181716	-0.0001194378	-0.002152746	0.002417061	0.0001299098	-0.0008253566	0.0003578253	-0.02885705	-0.168892	-0.1704476	0.001196109	0.0007865255	-0.0008559098	-4.855119E-07	7.627562E-05	-4.578173E-05	0.2215428	0.1921806	0.06508279	-0.001974902	0.002085767	0.0005684344	0.0001299098	-0.0008253566	0.0003578253
192	0.133789	-0.03005826	-0.1846271	-0.1256909	-0.07920933	-0.1357548	0.005785115	-0.5848509	-0.1938019	0.08531445	-0.284223	0.05192995	0.0005268077	0.0006411227	-0.0003798539	3.009636E-05	0.0001658151	-9.822805E-05	-0.06321141	0.2062821	-0.07192135	-8.412822E-05	-0.001625363	0.001786749	0.0001062598	-0.0004871717	0.0001107909	-0.0256279	-0.1681221	-0.1718295	0.001704371	0.000782365	-0.0009874009	3.009636E-05	0.0001658151	-9.822805E-05	0.2188846	0.1941215	0.06733298	-0.002145731	0.002049544	0.0009888745	0.0001062598	-0.0004871717	0.0001107909
195	0.1313309	-0.02917141	-0.1845744	-0.1267824	-0.07920659	-0.1357536	0.009050071	-0.5842484	-0.1929622	0.09242059	-0.2834282	0.05089021	0.002171643	0.0006795416	-0.0005448263	0.000433781	0.000133966	-0.0001149141	-0.05708114	0.2058439	-0.07926846	0.001469472	-0.001328568	-0.0004967153	0.000468095	-0.00029118	-0.0004877728	-0.01402517	-0.1661698	-0.1753404	0.004178961	0.001074861	-0.001618289	0.000433781	0.000133966	-0.0001149141	0.2240843	0.180976	0.07232189	-0.0003093767	-0.001749204	0.001988883	0.000468095	-0.00029118	-0.0004877728
198	0.1301968	-0.0282371	-0.1842589	-0.1286646	-0.07875866	-0.1356506	0.01068984	-0.5836938	-0.1922429	0.09610566	-0.2831912	0.05052829	0.00255	0.0005689181	-0.0004990996	0.0004199251	7.281864E-05	-7.475392E-05	-0.05407394	0.2053041	-0.08333325	0.001853904	-0.001131386	-0.001388736	0.0004471792	-0.0001690895	-0.0005888348	-0.009024486	-0.1664334	-0.1754591	0.004384391	0.0007402307	-0.0012434	0.0004199251	7.281864E-05	-7.475392E-05	0.2224805	0.1826866	0.0725553	-0.0006329632	-0.0008842617	0.001550015	0.0004471792	-0.0001690895	-0.0005888348
202	0.1415151	-0.01061231	-0.1759746	-0.1301218	-0.07794189	-0.1364832	0.009139165	-0.5824657	-0.1927078	0.0837716	-0.2949194	0.03800893	-0.001171016	-0.002505376	-0.003504165	-0.0006153102	-0.0007139595	-0.0008073317	-0.05553616	0.2049194	-0.08319736	0.001024873	-0.0009447041	-0.001007577	0.0001281266	-8.014665E-05	-0.0003463365	-0.00771822	-0.1665552	-0.1754196	0.00361486	0.00052473	-0.0009226554	-0.0006153102	-0.0007139595	-0.0008073317	0.2218759	0.1819699	0.07138181	-0.0006258723	-0.0008423678	0.0008691375	0.0001281266	-8.014665E-05	-0.0003463365
205	0.1421795	-0.009157121	-0.1760712	-0.1317199	-0.07623833	-0.1349714	0.007660642	-0.581874	-0.1926827	0.08179364	-0.295792	0.03659844	-0.001372751	-0.002097185	-0.002980744	-0.0005119165	-0.0004334219	-0.0004746438	-0.05503605	0.2052643	-0.08252263	0.0008936828	-0.000622295	-0.0005870019	6.32974E-05	2.049227E-05	-0.0001546085	-0.00626865	-0.1662815	-0.1757796	0.003073537	0.000461981	-0.0007819945	-0.0005119165	-0.0004334219	-0.0004746438	0.2208243	0.1791252	0.06888318	-0.0007323241	-0.001342941	2.719642E-05	6.32974E-05	2.049227E-05	-0.0001546085
208	0.1419411	-0.007018566	-0.1779065	-0.1316433	-0.0762257	-0.1349764	0.009404711	-0.580897	-0.1916213	0.0842785	-0.2952855	0.03578162	-0.0004083491	-0.001446251	-0.002439764	-0.0001428368	-0.000162333	-0.0002207377	-0.053533	0.2060572	-0.08127642	0.001046024	-0.0002685135	-0.000128698	8.55583E-05	0.0001038146	-1.380351E-06	-0.003358454	-0.1656234	-0.1765568	0.003032702	0.0005109946	-0.0007808071	-0.0001428368	-0.000162333	-0.0002207377	0.2261831	0.1870543	0.06327176	0.0007904645	0.0009750507	-0.001382458	8.55583E-05	0.0001038146	-1.380351E-06
211	0.1548011	0.001878738	-0.1897383	-0.1320937	-0.07538593	-0.1350834	0.008286595	-0.5792882	-0.191257	0.07200389	-0.2976624	0.04098248	-0.003374916	-0.001678917	-0.0005296072	-0.0008487692	-0.0001799162	0.0003119859	-0.05437411	0.2062998	-0.07974625	0.0005742401	-0.0001407374	0.0002860191	-5.37772E-05	0.000109805	0.000102644	-0.0006682873	-0.1644797	-0.1777608	0.002947068	0.0006691843	-0.0008866087	-0.0008487692	-0.0001799162	0.0003119859	0.2248777	0.1853709	0.06076288	0.0002664943	0.0003104495	-0.001664063	-5.37772E-05	0.000109805	0.000102644
215	0.1549325	0.005491555	-0.1926978	-0.1306935	-0.07586843	-0.1357512	0.009702943	-0.5783339	-0.1904354	0.07187657	-0.2978936	0.04037762	-0.002563016	-0.001316974	-0.0005484223	-0.0004336019	-4.445152E-05	0.0002292856	-0.0481049	0.2078439	-0.07964492	0.001997982	0.0002804914	0.0002398463	0.0003156027	0.0001876609	6.54398E-05	0.002024919	-0.1639391	-0.1783202	0.002883603	0.0006370343	-0.000804789	-0.0004336019	-4.445152E-05	0.0002292856	0.2234942	0.1868729	0.05824304	-0.0001460076	0.0006083389	-0.001878009	0.0003156027	0.0001876609	6.54398E-05
218	0.1649541	0.01362896	-0.2082117	-0.1303381	-0.07591736	-0.1356843	0.01012457	-0.5769371	-0.1892414	0.06224218	-0.2982214	0.04950809	-0.00433086	-0.001069702	0.001871303	-0.0007671624	2.847944E-05	0.0007768955	-0.037894	0.2050078	-0.09363341	0.004051213	-0.0004986585	-0.003317239	0.0007500097	-5.404178E-05	-0.0008401915	0.004634857	-0.1632726	-0.1789637	0.002815187	0.0006444079	-0.0007644647	-0.0007671624	2.847944E-05	0.0007768955	0.221736	0.184924	0.0511651	-0.0005490527	-3.097655E-05	-0.00317799	0.0007500097	-5.404178E-05	-0.0008401915
221	0.1877385	0.02733314	-0.2367351	-0.1298024	-0.0754267	-0.1354396	0.01077788	-0.5749727	-0.1879354	0.04068863	-0.2967874	0.06939507	-0.008636531	-0.0004437621	0.00637522	-0.00165179	0.0001778446	0.001708651	-0.02822399	0.1969803	-0.1148198	0.005455911	-0.002380875	-0.007784517	0.0009136818	-0.0005110854	-0.001746963	0.007659674	-0.1633924	-0.1787622	0.002867594	0.0004533472	-0.0005229826	-0.00165179	0.0001778446	0.001708651	0.2303648	0.1768256	0.01759911	0.001745407	-0.002047831	-0.01077499	0.0009136818	-0.0005110854	-0.001746963
225	0.2003102	0.03166664	-0.2580261	-0.130015	-0.07558602	-0.135385	0.01057246	-0.5731297	-0.1863906	0.029706	-0.2974525	0.07214117	-0.009223057	-0.0004991036	0.005467941	-0.001385474	0.0001195481	0.001054668	-0.02840018	0.2449519	-0.1363671	0.004047886	0.01020725	-0.01122522	0.0003332549	0.002763716	-0.002170397	0.01052403	-0.1633416	-0.1787043	0.002866786	0.0003527211	-0.0003777531	-0.001385474	0.0001195481	0.001054668	0.2262853	0.1586873	-0.00169611	0.000289201	-0.006070445	-0.01290505	0.0003332549	0.002763716	-0.002170397
228	0.2142799	0.02669162	-0.2972407	-0.129948	-0.07564479	-0.1352403	0.009919412	-0.57195	-0.1850252	0.01485984	-0.288821	0.09880233	-0.01062883	0.001783547	0.01076625	-0.001390549	0.0006603236	0.002115577	-0.02609164	0.2416292	-0.1368008	0.003613049	0.006824761	-0.008527335	0.0001412321	0.001227166	-0.0009533273	0.01337387	-0.163808	-0.1780984	0.002862547	0.0001479243	-0.0001318594	-0.001390549	0.0006603236	0.002115577	0.2592912	0.1579509	-0.04183161	0.008468366	-0.004736938	-0.01971266	0.0001412321	0.001227166	-0.0009533273
231	0.2155545	0.02893513	-0.2974422	-0.1288125	-0.07325017	-0.1348999	0.01175278	-0.5851325	-0.1865642	0.01272146	-0.291901	0.09173918	-0.00850622	0.0005676574	0.006308896	-0.0005122586	0.0001912704	0.0004723459	-0.02167469	0.2380262	-0.1618056	0.003814026	0.00421781	-0.01264672	0.0001561683	0.0002686367	-0.001744841	0.01959895	-0.1647802	-0.1766026	0.00370318	-0.0001320947	0.000275065	-0.0005122586	0.0001912704	0.0004723459	0.2501816	0.1598602	-0.082991	0.00407387	-0.003075374	-0.02507434	0.0001561683	0.0002686367	-0.001744841
235	0.2171642	0.03031993	-0.2983303	-0.1268578	-0.06737977	-0.1331105	0.009093121	-0.5853084	-0.186511	0.007464752	-0.2957228	0.08222795	-0.007693841	-0.0005297119	0.002353864	-0.0001810993	-0.0001308896	-0.0006344987	0.005292661	0.148016	-0.1806058	0.009602357	-0.01933918	-0.01418507	0.001564209	-0.005687769	-0.00169322	0.01639813	-0.1669179	-0.1776643	0.001977182	-0.0006335161	-5.912072E-05	-0.0001810993	-0.0001308896	-0.0006344987	0.2608671	0.1192766	-0.117843	0.005726794	-0.01245245	-0.02751876	0.001564209	-0.005687769	-0.00169322
238	0.2183035	0.03119886	-0.2983522	-0.1268234	-0.06767589	-0.1334288	0.008773454	-0.5833488	-0.1842959	0.008336611	-0.3009768	0.06631637	-0.005552416	-0.001710777	-0.002212496	0.0003995319	-0.0003934333	-0.001617464	0.015243	0.1169846	-0.2030035	0.009689352	-0.02226223	-0.01623824	0.001194906	-0.004996591	-0.001783208	0.02609293	-0.169764	-0.1812024	0.003906586	-0.001186638	-0.0009288735	0.0003995319	-0.0003934333	-0.001617464	0.2582692	0.08657798	-0.1512375	0.003645606	-0.01751398	-0.02898769	0.001194906	-0.004996591	-0.001783208
241	0.1643408	-0.1741014	-0.03004789	-0.1205923	-0.06112462	-0.1279862	-0.001327716	-0.5893072	-0.1811652	0.06074942	-0.1229156	-0.2002232	0.00893889	0.04323221	-0.06829426	0.003922476	0.01094067	-0.01773354	0.02518953	0.1044027	-0.2457697	0.009753647	-0.01984216	-0.02287024	0.0009122529	-0.003142425	-0.002995404	0.02441035	-0.1785149	-0.1882322	0.002509295	-0.003077715	-0.002454098	0.003922476	0.01094067	-0.01773354	0.2517914	0.04920179	-0.1787046	0.001114754	-0.02247953	-0.02860755	0.0009122529	-0.003142425	-0.002995404
245	0.1359897	-0.05787915	0.01448035	-0.1151804	-0.05998152	-0.1259086	-0.001717009	-0.5902348	-0.1779323	0.06968419	-0.2223248	-0.2203619	0.008937859	0.007571869	-0.05625539	0.002941599	-0.0007095812	-0.01029044	0.05045852	0.01948956	-0.3104632	0.01363248	-0.0361099	-0.03332604	0.001653898	-0.006423754	-0.004860504	0.02155267	-0.1830477	-0.1921339	0.00116755	-0.00344149	-0.002816004	0.002941599	-0.0007095812	-0.01029044	0.2417985	0.0109483	-0.199108	-0.001662152	-0.02642302	-0.02655651	0.001653898	-0.006423754	-0.004860504
248	0.1428083	-0.06644243	0.01250362	-0.1120965	-0.05841225	-0.1245694	-0.002211779	-0.5823245	-0.167516	0.04083622	-0.249157	-0.1966856	-0.0005085981	-0.001029154	-0.03627244	-0.0001554152	-0.002682442	-0.00272209	0.03984529	0.003416449	-0.3126924	0.007571053	-0.0311007	-0.02555183	-0.0002749335	-0.003565516	-0.001701826	0.01584764	-0.1833197	-0.1903381	-0.0005505949	-0.002649119	-0.00166306	-0.0001554152	-0.002682442	-0.00272209	0.2311369	-0.04059047	-0.2084401	-0.003912007	-0.03270196	-0.0222504	-0.0002749335	-0.003565516	-0.001701826
251	0.1529688	-0.09112781	-0.0006427765	-0.1067342	-0.05877709	-0.123611	-0.005341813	-0.5852517	-0.1651399	0.07540958	-0.14868	-0.1750224	0.008261892	0.02434739	-0.02178853	0.002076061	0.004332304	0.001579409	-0.0558008	-0.08401206	-0.2987255	-0.01823323	-0.04518265	-0.01567215	-0.006657271	-0.006194624	0.001193552	0.009285316	-0.1897952	-0.1887491	-0.002053527	-0.003605716	-0.0008500303	0.002076061	0.004332304	0.001579409	0.1567906	-0.08237177	-0.1544324	-0.02152059	-0.0349718	-0.003185883	-0.006657271	-0.006194624	0.001193552
255	0.1579183	-0.09694427	-0.002881765	-0.1038592	-0.05852783	-0.1220462	-0.005043864	-0.588523	-0.1627703	0.02269995	-0.1776638	-0.1692278	-0.006980988	0.01101458	-0.01489277	-0.002253674	-8.397317E-05	0.002908498	-0.0397779	-0.09517527	-0.2979258	-0.009669201	-0.03667779	-0.01155419	-0.002851946	-0.002519753	0.001924652	0.00800249	-0.191495	-0.1851361	-0.001860852	-0.003129238	0.000265726	-0.002253674	-8.397317E-05	0.002908498	0.1404123	-0.1090675	-0.1537926	-0.02023503	-0.03290278	-0.002229463	-0.002851946	-0.002519753	0.001924652
258	0.1532972	-0.09836912	0.0005528927	-0.1090048	-0.05745256	-0.1167376	-0.01331526	-0.5892045	-0.1568851	0.01592477	-0.2307702	-0.2222295	-0.006929536	-0.005015647	-0.02441999	-0.001677393	-0.004070537	-0.0002004309	-0.006214719	-0.1424013	-0.2606047	0.001138895	-0.03931486	0.0006646272	0.0005630651	-0.002549082	0.004498194	0.005303636	-0.1983455	-0.1807985	-0.002070352	-0.004059556	0.001283682	-0.001677393	-0.004070537	-0.0002004309	0.1278702	-0.1283811	-0.1496333	-0.01831179	-0.02950549	-0.0006322647	0.0005630651	-0.002549082	0.004498194
261	0.1603959	-0.1101434	-0.007510185	-0.1090065	-0.0548982	-0.1160386	-0.02192301	-0.5918742	-0.1509795	-0.005538903	-0.2106678	-0.1372001	-0.01056307	0.001263845	0.002942352	-0.002166428	-0.00148303	0.006690261	-0.006823961	-0.1591726	-0.2716966	0.0007018611	-0.03367897	-0.002274487	0.0003130402	-0.0005028388	0.002638867	-0.004404962	-0.197132	-0.1665208	-0.003979913	-0.002741272	0.004532185	-0.002166428	-0.00148303	0.006690261	0.1233093	-0.1888444	-0.1372488	-0.01487407	-0.03724492	0.002621935	0.0003130402	-0.0005028388	0.002638867
265	0.1581064	-0.1100553	-0.004341364	-0.1110865	-0.05511242	-0.1132905	-0.02762173	-0.5944869	-0.1467326	-0.001816001	-0.2565804	-0.190963	-0.006991577	-0.01053025	-0.01123396	-0.0007319478	-0.004060796	0.001473617	0.002223421	-0.1630484	-0.1694331	0.002788241	-0.02622817	0.02386	0.0007563752	0.001485571	0.008512772	-0.01279828	-0.1961598	-0.158572	-0.005083264	-0.001812916	0.005386358	-0.0007319478	-0.004060796	0.001473617	0.1084541	-0.1997999	-0.1194096	-0.01486936	-0.03067256	0.00642625	0.0007563752	0.001485571	0.008512772
268	0.1621036	-0.1095339	-0.002033234	-0.1139346	-0.05510539	-0.1052239	-0.07380784	-0.5958114	-0.1462986	-0.006225053	-0.2625787	-0.1820471	-0.006345946	-0.009397258	-0.006196499	-0.0003875531	-0.002762349	0.002364579	-0.01831889	-0.1800157	-0.1489981	-0.003044396	-0.02391295	0.02300374	-0.000890878	0.001692985	0.006170515	-0.02419375	-0.205139	-0.1551266	-0.006661315	-0.00360448	0.004901115	-0.0003875531	-0.002762349	0.002364579	0.07679123	-0.1986738	-0.09415531	-0.01906773	-0.0227229	0.01113325	-0.000890878	0.001692985	0.006170515
271	0.1561781	-0.1085451	0.007829666	-0.1190262	-0.05506194	-0.09765053	-0.0519928	-0.5978261	-0.1360838	-0.00181818	-0.2661215	-0.1765857	-0.003657741	-0.007933646	-0.003282011	0.0003813864	-0.001705859	0.002502056	-0.03471224	-0.2120791	-0.08631968	-0.006381635	-0.02595056	0.03292242	-0.001502468	0.0007603344	0.007107555	-0.03846201	-0.2273889	-0.156163	-0.008563053	-0.00826583	0.003416735	0.0003813864	-0.001705859	0.002502056	0.08276762	-0.19951	-0.08593643	-0.0128067	-0.01725124	0.01040466	-0.001502468	0.0007603344	0.007107555
275	0.1606216	-0.1069875	0.006034613	-0.1171111	-0.05426067	-0.1085927	-0.04987421	-0.6004313	-0.1269588	0.01244657	-0.221806	-0.08186579	0.0008228826	0.005128622	0.02121846	0.001406196	0.001986173	0.008001661	-0.04620176	-0.1899306	-0.1278636	-0.007658606	-0.01392579	0.01430583	-0.001446094	0.003576443	0.0006765178	-0.05204855	-0.2325303	-0.1379366	-0.009818924	-0.007484724	0.007119148	0.001406196	0.001986173	0.008001661	0.07510294	-0.2072095	-0.07165241	-0.01152119	-0.0148633	0.0113745	-0.001446094	0.003576443	0.0006765178
278	0.1560386	-0.1050128	0.01297307	-0.1185112	-0.05398792	-0.1093121	-0.04639365	-0.6022198	-0.1162894	0.0151279	-0.2216801	-0.0817132	0.001287494	0.00387796	0.01595199	0.0011708	0.001176964	0.004684628	-0.04763085	-0.2197872	-0.1159544	-0.006101227	-0.01790851	0.01370668	-0.0006952258	0.001686653	0.0003576021	-0.06320953	-0.2342559	-0.1287274	-0.01015444	-0.006044962	0.00764165	0.0011708	0.001176964	0.004684628	0.06273979	-0.2145174	-0.05854547	-0.01173168	-0.01297445	0.01180761	-0.0006952258	0.001686653	0.0003576021
281	0.1616196	-0.1052154	0.005560637	-0.1198921	-0.05298811	-0.1098251	-0.04755589	-0.6037629	-0.1074524	0.009805471	-0.2252036	-0.06966853	-0.0003649876	0.002027581	0.01497516	0.0004649794	0.0004201281	0.003269263	-0.01912661	-0.2100416	-0.09699583	0.00255014	-0.01099497	0.01501965	0.001641423	0.002993374	0.0005964446	-0.06940036	-0.2370553	-0.1241395	-0.009163534	-0.005233554	0.006878209	0.0004649794	0.0004201281	0.003269263	0.05904342	-0.2171055	-0.05055904	-0.009722854	-0.01037786	0.01085231	0.001641423	0.002993374	0.0005964446
285	0.1623796	-0.1041188	0.003564358	-0.1202332	-0.05193835	-0.1108282	-0.04924636	-0.6042349	-0.1014261	0.008372486	-0.2264006	-0.0646317	-0.000631987	0.00122144	0.01249058	0.0002819847	0.000113561	0.001830802	-0.03800349	-0.2054566	-0.1017134	-0.002806614	-0.007099991	0.01008534	-0.0001081217	0.003218776	-0.0007862443	-0.07292937	-0.2405748	-0.1208606	-0.007754904	-0.004805049	0.0059784	0.0002819847	0.000113561	0.001830802	0.06000273	-0.21713	-0.04884529	-0.007052314	-0.007789533	0.008567673	-0.0001081217	0.003218776	-0.0007862443
288	0.1625021	-0.1035469	0.003573179	-0.1198145	-0.05175245	-0.1115181	-0.05033726	-0.6048542	-0.09839225	0.009873345	-0.2264273	-0.06422806	-9.877529E-05	0.0009094119	0.009468846	0.0003447914	7.163682E-06	0.0006176678	-0.0435556	-0.2032264	-0.1042254	-0.003492989	-0.004767437	0.006936012	-0.0002526849	0.002997221	-0.001377016	-0.07446222	-0.2411052	-0.1187479	-0.006199391	-0.003736378	0.005011957	0.0003447914	7.163682E-06	0.0006176678	0.08094943	-0.2119977	-0.0373373	-5.256105E-05	-0.004559059	0.009302752	-0.0002526849	0.002997221	-0.001377016
291	0.1629978	-0.1028442	0.002986193	-0.1191842	-0.05133367	-0.1118174	-0.05056393	-0.6051283	-0.09725189	0.01044073	-0.2261593	-0.06541038	6.776455E-05	0.0007490546	0.006806055	0.0003002285	-3.471657E-05	-0.0002024469	-0.04659723	-0.2000547	-0.1094773	-0.003380149	-0.002782642	0.003889038	-0.0001613037	0.002744114	-0.001794505	-0.07454358	-0.2408495	-0.1185687	-0.004669883	-0.002738365	0.00380379	0.0003002285	-3.471657E-05	-0.0002024469	0.07081297	-0.212536	-0.05608809	-0.002573535	-0.003553878	0.002289367	-0.0001613037	0.002744114	-0.001794505
295	0.1634775	-0.1027697	0.002066374	-0.118506	-0.05116522	-0.1120663	-0.05094926	-0.6052265	-0.09645009	0.01142431	-0.2253777	-0.06873035	0.0002967186	0.0007571899	0.004274547	0.0002824099	-2.400361E-05	-0.0007847123	-0.04920435	-0.1944784	-0.1189046	-0.003186892	-0.0006929107	0.0005599514	-7.266361E-05	0.002580519	-0.002178151	-0.07227451	-0.2410206	-0.1208019	-0.002935144	-0.002096547	0.002294526	0.0002824099	-2.400361E-05	-0.0007847123	0.07417493	-0.2108931	-0.05847549	-0.001089662	-0.002254676	0.001120174	-7.266361E-05	0.002580519	-0.002178151
298	0.1638803	-0.1028758	0.000992775	-0.1177288	-0.05144387	-0.1128862	-0.05048269	-0.6057311	-0.09681869	0.01318346	-0.2234626	-0.07605505	0.0006623262	0.001046682	0.001374736	0.0003032093	5.437021E-05	-0.001313487	-0.05095971	-0.1916496	-0.1230853	-0.002829009	0.0001875223	-0.0006252039	3.497305E-05	0.002155497	-0.001929902	-0.06796117	-0.2383249	-0.1242256	-0.001123024	-0.000898498	0.0008649718	0.0003032093	5.437021E-05	-0.001313487	0.08386213	-0.2052751	-0.06664312	0.001604554	-0.0002865095	-0.001201775	3.497305E-05	0.002155497	-0.001929902
301	0.1646446	-0.1028813	-0.001246929	-0.1160339	-0.0513792	-0.1148357	-0.05523176	-0.6065263	-0.09767318	0.01618521	-0.2204116	-0.08581614	0.001247182	0.001547742	-0.001409222	0.0003736209	0.0001660428	-0.001681105	-0.04762539	-0.189701	-0.1548533	-0.001288177	0.0006277756	-0.008410924	0.000411438	0.001726686	-0.003393856	-0.05919193	-0.2304577	-0.1301985	0.001350043	0.001292946	-0.0008444868	0.0003736209	0.0001660428	-0.001681105	0.0870291	-0.1998485	-0.0801326	0.001995159	0.001141753	-0.004273702	0.000411438	0.001726686	-0.003393856
305	0.1662826	-0.104242	-0.007983685	-0.1133699	-0.05181754	-0.1210051	-0.05267607	-0.6072446	-0.1030111	0.01689161	-0.2154269	-0.09971952	0.001111988	0.002406983	-0.004532761	0.0002464171	0.0003393424	-0.002041713	-0.0249433	-0.1637922	-0.1668735	0.00470439	0.006948042	-0.009313221	0.00180672	0.002875081	-0.002770966	-0.05092353	-0.2153403	-0.1369941	0.003079632	0.004749046	-0.002332276	0.0002464171	0.0003393424	-0.002041713	0.1005325	-0.1874271	-0.09516251	0.004872231	0.003961687	-0.006962754	0.00180672	0.002875081	-0.002770966
308	0.1633363	-0.1039864	-0.008692026	-0.1110009	-0.05209893	-0.1263268	-0.03674675	-0.6055798	-0.1033571	0.02032153	-0.2253956	-0.1502531	0.001691471	-0.0006869297	-0.01603295	0.0003296836	-0.0005189714	-0.004406333	-0.02023354	-0.1516649	-0.1791255	0.004705732	0.008242859	-0.01004794	0.001355376	0.002480015	-0.002261904	-0.04619594	-0.2035769	-0.1416829	0.003491621	0.006502648	-0.002921392	0.0003296836	-0.0005189714	-0.004406333	0.1352033	-0.2069085	-0.1357243	0.01232187	-0.001899097	-0.01536251	0.001355376	0.002480015	-0.002261904
311	0.1637346	-0.1090145	-0.01781964	-0.09975437	-0.04858398	-0.1185172	-0.03697125	-0.6054932	-0.1128778	0.04040601	-0.1771934	-0.1585126	0.006289722	0.01153536	-0.0140896	0.001396826	0.002666343	-0.002818911	-0.01350468	-0.1451138	-0.1854494	0.005211513	0.007819904	-0.009116908	0.001142977	0.001754273	-0.001463671	-0.04097761	-0.1968321	-0.1709211	0.003923297	0.006563179	-0.0095006	0.001396826	0.002666343	-0.002818911	0.1687019	-0.2000861	-0.1728309	0.01761603	0.000281275	-0.02079854	0.001142977	0.001754273	-0.001463671
315	0.1572219	-0.1014557	-0.01239133	-0.09329648	-0.04597396	-0.1136065	-0.0355147	-0.6045592	-0.1176815	0.04258664	-0.1664797	-0.1699584	0.005262449	0.01132993	-0.01342864	0.0007908008	0.001948402	-0.001948944	0.03551647	-0.09205118	-0.2149675	0.01616392	0.01913059	-0.01421721	0.003595335	0.004143377	-0.002372829	-0.03253061	-0.191355	-0.1985345	0.005054225	0.006291645	-0.0140288	0.0007908008	0.001948402	-0.001948944	0.136886	-0.1186353	-0.1498169	0.005258061	0.02057365	-0.009845391	0.003595335	0.004143377	-0.002372829
318	0.1543576	-0.08505684	-0.01619911	-0.08923957	-0.04117334	-0.1181748	-0.02924368	-0.6011758	-0.1265106	0.06965713	-0.159489	-0.2391753	0.01071446	0.01024513	-0.02737572	0.001956103	0.001190099	-0.004948478	-0.06631713	-0.0980795	-0.2921935	-0.01333546	0.01284086	-0.02996942	-0.004678343	0.0015351	-0.005717674	-0.0242888	-0.1765574	-0.2125394	0.005851119	0.008418148	-0.01402284	0.001956103	0.001190099	-0.004948478	0.168106	-0.09360665	-0.1830604	0.01174854	0.02168741	-0.01569493	-0.004678343	0.0015351	-0.005717674
321	0.1201339	-0.0338763	0.02040815	-0.08854098	-0.03791302	-0.1216557	-0.01920273	-0.5856538	-0.125828	0.07574284	-0.1697404	-0.2432036	0.009557272	0.005120986	-0.02153887	0.001177781	-0.0003884605	-0.002252146	-0.02301617	-0.05952868	-0.3088478	0.0008236459	0.01926835	-0.02664063	3.101816E-05	0.002758197	-0.003456057	-0.01471403	-0.166768	-0.221527	0.006782032	0.008760955	-0.01276401	0.001177781	-0.0003884605	-0.002252146	0.1594536	-0.03889319	-0.1722931	0.006648311	0.02994392	-0.00907936	3.101816E-05	0.002758197	-0.003456057
325	0.1496577	-0.1313484	-0.04013634	-0.1093536	-0.02553588	-0.1262977	-0.02279882	-0.6337465	-0.1480069	0.08458202	-0.1009055	-0.2065427	0.009377748	0.02104948	-0.006988926	0.0008384543	0.003690778	0.001948377	0.03965539	0.04233071	-0.2637053	0.01628562	0.03991611	-0.008694839	0.003888758	0.007230588	0.001894404	0.05189228	-0.1605079	-0.2672734	0.0217381	0.008135733	-0.02100962	0.0008384543	0.003690778	0.001948377	0.19403	0.02649039	-0.2116444	0.01363033	0.03880384	-0.01664736	0.003888758	0.007230588	0.001894404
328	0.1627664	-0.1258872	-0.03857756	-0.1202383	-0.05479497	-0.1386027	-0.006733656	-0.6442093	-0.1527028	0.1084977	-0.07691488	-0.2685001	0.01301222	0.02178476	-0.02073103	0.00153746	0.002951904	-0.001974245	0.03986029	0.1088138	-0.2040049	0.01226544	0.04655785	0.008403963	0.001911524	0.007083377	0.005695504	0.09526537	-0.113665	-0.2738135	0.02714685	0.01781253	-0.01739223	0.00153746	0.002951904	-0.001974245	0.1845015	0.105055	-0.1963023	0.00784063	0.04874403	-0.008649989	0.001911524	0.007083377	0.005695504
331	0.1811226	-0.168434	-0.04727316	-0.1085013	-0.1013697	-0.1568706	0.01383837	-0.6837883	-0.1615846	0.1071919	-0.03681687	-0.2472212	0.00943272	0.02636307	-0.01022856	0.0002582187	0.003358506	0.001144935	0.06473467	0.2050454	-0.1921849	0.01541768	0.0589763	0.009257962	0.002221701	0.008417144	0.004485128	0.1134825	-0.06567669	-0.2641441	0.02491442	0.02535648	-0.01062682	0.0002582187	0.003358506	0.001144935	0.1529897	0.1529472	-0.1476315	-0.001997477	0.04853107	0.005680201	0.002221701	0.008417144	0.004485128
335	0.1122302	-0.0207755	-0.00799036	-0.1511494	-0.03623188	-0.1167793	-0.04883621	-0.5447035	-0.1258571	0.1163812	-0.01301467	-0.2523458	0.009371879	0.02572285	-0.008952564	0.0001784537	0.002358824	0.0011777	0.0542872	0.2190542	-0.1202285	0.00895139	0.04773442	0.02493257	4.97041E-05	0.003502389	0.007282498	0.09612894	0.05612606	-0.2730953	0.01434742	0.04946805	-0.01020791	0.0001784537	0.002358824	0.0011777	0.1349505	0.1981133	-0.1042207	-0.006007907	0.04768984	0.01511285	4.97041E-05	0.003502389	0.007282498
338	0.1139933	-0.02347988	-0.007570505	-0.1493571	-0.03764677	-0.1159911	-0.04791216	-0.5497063	-0.1269555	0.1192187	0.004258454	-0.2413156	0.007738279	0.02361042	-0.003956873	-0.0002745597	0.00124101	0.002132198	0.04684815	0.2249474	-0.07766461	0.004853781	0.03727411	0.02934041	-0.0009871243	1.171371E-05	0.006563833	0.08109555	0.0795902	-0.2492517	0.007002219	0.04296707	-0.001695051	-0.0002745597	0.00124101	0.002132198	0.1119109	0.1839227	-0.07047164	-0.01026584	0.03221972	0.01977191	-0.0009871243	1.171371E-05	0.006563833
342	0.1185422	-0.0380168	-0.008481264	-0.1444071	-0.05035794	-0.1161845	-0.04244518	-0.556548	-0.1285784	0.1227279	0.01725638	-0.2181549	0.006681005	0.0209573	0.002822519	-0.0004702381	0.0002674768	0.003293996	0.03909914	0.2684613	-0.05203438	0.001703084	0.03883406	0.02841286	-0.001528017	0.000398772	0.004690988	0.07626197	0.09314406	-0.2444048	0.004043269	0.03561377	-5.955552E-05	-0.0004702381	0.0002674768	0.003293996	0.1024818	0.2595958	-0.03149676	-0.01005664	0.04308305	0.02457265	-0.001528017	0.000398772	0.004690988
345	0.1326771	-0.07101524	-0.009472609	-0.125493	-0.08914858	-0.1170583	-0.02280282	-0.5931969	-0.1331437	0.1289665	0.01943427	-0.2127392	0.006570416	0.01626245	0.003470809	-0.0003803261	-0.0009731051	0.00263257	0.01952988	0.2998066	-0.008398771	-0.003615003	0.03696187	0.03221855	-0.002475535	-0.0001689684	0.004469663	0.06917548	0.1055941	-0.2400117	0.00126083	0.02982284	0.001053608	-0.0003803261	-0.0009731051	0.00263257	0.08677032	0.2271471	-0.002551317	-0.01147036	0.02420013	0.02566585	-0.002475535	-0.0001689684	0.004469663
348	0.13184	-0.06478947	-0.009301901	-0.1268802	-0.08065248	-0.1153429	-0.02376211	-0.5837568	-0.1327314	0.1293131	0.03595293	-0.2009373	0.005014454	0.0163265	0.005553596	-0.0006742348	-0.0007138157	0.002495124	0.007915303	0.2992652	0.009200335	-0.005614896	0.02758605	0.02856369	-0.002356624	-0.00247068	0.002438532	0.06474946	0.1233475	-0.2312618	-0.0001608816	0.02680548	0.002977667	-0.0006742348	-0.0007138157	0.002495124	0.07620146	0.2287974	0.02342927	-0.01124498	0.01856266	0.02574454	-0.002356624	-0.00247068	0.002438532
352	0.1362187	-0.06175661	-0.005695343	-0.120361	-0.07062942	-0.1109538	-0.01853684	-0.5843512	-0.1331086	0.1323535	0.0293262	-0.1988683	0.004520927	0.01058819	0.004682446	-0.0006290581	-0.001969938	0.001653556	-0.009850636	0.2930214	0.0493207	-0.008652657	0.01912858	0.03145286	-0.002526909	-0.003967377	0.002551191	0.0595037	0.1170689	-0.2300807	-0.001432101	0.01853445	0.002528531	-0.0006290581	-0.001969938	0.001653556	0.07017712	0.2165263	0.03285372	-0.009939825	0.01085424	0.02166451	-0.002526909	-0.003967377	0.002551191
355	0.1383551	-0.06625861	-0.00567317	-0.1191038	-0.07568252	-0.1107931	-0.01688159	-0.5860158	-0.1357038	0.1345389	0.05730665	-0.2000878	0.003937068	0.01493626	0.003206957	-0.0006177581	-0.0003904377	0.0008712945	-0.0232497	0.2853613	0.07423782	-0.009839259	0.01243143	0.02981892	-0.002191832	-0.004649822	0.00150491	0.05787364	0.1294421	-0.2237624	-0.001481593	0.01699414	0.003475981	-0.0006177581	-0.0003904377	0.0008712945	0.06083466	0.2180039	0.06205213	-0.009790482	0.008510062	0.02354799	-0.002191832	-0.004649822	0.00150491
358	0.1406405	-0.06057101	-0.004817724	-0.1166924	-0.0673281	-0.109077	-0.01527449	-0.5834513	-0.1387401	0.1349938	0.0616743	-0.201277	0.003066512	0.0122941	0.00210791	-0.0006809577	-0.0009533662	0.0003787091	-0.03368707	0.2668616	0.08666921	-0.009988787	0.00469864	0.02547204	-0.001681256	-0.005420564	4.196132E-05	0.05555581	0.1301647	-0.2195299	-0.001690652	0.01292625	0.003665118	-0.0006809577	-0.0009533662	0.0003787091	0.05520342	0.2120653	0.07338023	-0.008750673	0.004897899	0.02049302	-0.001681256	-0.005420564	4.196132E-05
362	0.1417551	-0.06356716	-0.005267382	-0.1169918	-0.06798053	-0.1084633	-0.01451026	-0.5829929	-0.1410034	0.1342688	0.06576985	-0.2002261	0.002118641	0.01024447	0.00184367	-0.000747686	-0.001227434	0.0002179717	-0.04238404	0.2691476	0.1064639	-0.009665834	0.004095484	0.02405271	-0.001180204	-0.004216212	-0.0003233624	0.05784912	0.1381438	-0.217837	-0.0006946598	0.01168946	0.003172061	-0.000747686	-0.001227434	0.0002179717	0.05118944	0.2050064	0.07980216	-0.007566498	0.001908695	0.01697524	-0.001180204	-0.004216212	-0.0003233624
365	0.1421237	-0.06482393	-0.005436897	-0.1174458	-0.06850022	-0.1078694	-0.01370959	-0.5826989	-0.1425309	0.1345873	0.07282728	-0.1994722	0.001668598	0.009447707	0.001571222	-0.0006732753	-0.001119765	9.536694E-05	-0.04638422	0.2641947	0.1116025	-0.008249419	0.001833371	0.01932419	-0.000531049	-0.003727687	-0.001424651	0.058834	0.1437739	-0.2160636	-0.0002747755	0.01017463	0.002822385	-0.0006732753	-0.001119765	9.536694E-05	0.05005579	0.2042463	0.09277332	-0.005958286	0.001241501	0.01597422	-0.000531049	-0.003727687	-0.001424651
368	0.1435085	-0.06316543	-0.005035162	-0.1187367	-0.06383872	-0.1037455	-0.01251395	-0.580391	-0.1452384	0.1336248	0.07250255	-0.1995254	0.001010832	0.007004599	0.001165125	-0.0006693979	-0.001450601	-2.999914E-05	-0.047651	0.2621859	0.1119802	-0.00650376	0.0008728296	0.01458755	3.812788E-05	-0.003035901	-0.002252647	0.0605792	0.1402616	-0.2198051	0.0002302169	0.006752893	0.001181413	-0.0006693979	-0.001450601	-2.999914E-05	0.04904265	0.2005171	0.09231937	-0.004722001	-1.165085E-06	0.01186718	3.812788E-05	-0.003035901	-0.002252647
371	0.1443605	-0.06186098	-0.006513357	-0.1183067	-0.05717748	-0.1020439	-0.01184269	-0.5795856	-0.1489534	0.1335099	0.07187343	-0.2000303	0.0007293833	0.005096167	0.000747601	-0.0005724106	-0.001565059	-0.0001268803	-0.0505221	0.2663199	0.1129055	-0.005595596	0.001688137	0.01117199	0.000255637	-0.002073098	-0.002543376	0.06022483	0.1334766	-0.2224172	8.407157E-05	0.003368426	0.0002330314	-0.0005724106	-0.001565059	-0.0001268803	0.04923919	0.1980848	0.09097278	-0.003492366	-0.0006089455	0.008563738	0.000255637	-0.002073098	-0.002543376
375	0.1453682	-0.06125212	-0.005785704	-0.1180081	-0.05795777	-0.1022048	-0.01094197	-0.579236	-0.1496043	0.1330907	0.07083261	-0.2014771	0.0004422413	0.003561921	0.0001990197	-0.0005010935	-0.001557356	-0.0002323056	-0.05027536	0.2680664	0.1093197	-0.004135012	0.001702722	0.00748254	0.0005568739	-0.001551178	-0.002829895	0.05987425	0.1342694	-0.2220284	-2.459123E-05	0.002724505	0.0002719887	-0.0005010935	-0.001557356	-0.0002323056	0.05072259	0.1963807	0.0888983	-0.002248424	-0.0008827333	0.005904184	0.0005568739	-0.001551178	-0.002829895
378	0.1460994	-0.06152201	-0.006463528	-0.1184401	-0.0550493	-0.1015429	-0.01003258	-0.5784237	-0.1507459	0.132944	0.06940246	-0.2011776	0.0002950241	0.002313903	0.0002241282	-0.0004126244	-0.001480021	-0.000167952	-0.04871022	0.2709808	0.1035233	-0.002709973	0.002005633	0.004162797	0.0007739151	-0.001087655	-0.002952357	0.05907574	0.1295657	-0.2213557	-0.0002180705	0.0008674536	0.000372166	-0.0004126244	-0.001480021	-0.000167952	0.05342886	0.1966077	0.08415699	-0.001009751	-0.0006053064	0.00324281	0.0007739151	-0.001087655	-0.002952357
381	0.1463611	-0.0669744	-0.008179188	-0.1173821	-0.06522101	-0.1053376	-0.01001516	-0.5791081	-0.1519206	0.132891	0.0739404	-0.1995723	0.0002079986	0.002869912	0.0005694142	-0.0003312247	-0.0009710136	-3.964253E-05	-0.03357254	0.2693576	0.0699172	0.00175194	0.001098422	-0.005279415	0.001695915	-0.001042544	-0.00457482	0.05507053	0.1340851	-0.2167416	-0.001164855	0.001780441	0.001432653	-0.0003312247	-0.0009710136	-3.964253E-05	0.06080368	0.1981831	0.07292962	0.001086393	-6.014208E-05	-0.0003747346	0.001695915	-0.001042544	-0.00457482
385	0.1470557	-0.06841505	-0.009185791	-0.1162169	-0.06718034	-0.1066618	-0.009434938	-0.5802728	-0.1535587	0.1327855	0.07484442	-0.1993701	0.0001296388	0.00237844	0.0004776054	-0.0002680085	-0.0008511281	-5.26841E-05	-0.03044373	0.2795158	0.0647738	0.002096158	0.003363376	-0.005245413	0.00135799	-0.0002156696	-0.003422615	0.05353357	0.1320717	-0.2172912	-0.001257883	0.0008319994	0.0009370714	-0.0002680085	-0.0008511281	-5.26841E-05	0.06668296	0.197234	0.05822337	0.002284613	-0.0002823778	-0.003957614	0.00135799	-0.0002156696	-0.003422615
388	0.1469828	-0.0716275	-0.01016355	-0.1152318	-0.0721215	-0.1088586	-0.009119578	-0.5798247	-0.1540346	0.1340567	0.04313648	-0.1945608	0.0004150336	-0.006143156	0.001560549	-0.0001296577	-0.002768745	0.0002312228	-0.01733501	0.2957517	0.03317142	0.004849297	0.006581504	-0.01183465	0.001706778	0.0006427797	-0.004214272	0.05047944	0.1287958	-0.2200358	-0.001706944	-0.0001949832	1.666468E-05	-0.0001296577	-0.002768745	0.0002312228	0.07686199	0.2004112	0.03733063	0.004258219	0.0005825231	-0.008191396	0.001706778	0.0006427797	-0.004214272
391	0.1464689	-0.07443517	-0.01080894	-0.114264	-0.07733017	-0.1104627	-0.009238079	-0.5806048	-0.1551182	0.1337182	0.04259729	-0.1949639	0.0002266366	-0.004742162	0.00106962	-0.0001443425	-0.00172631	5.068493E-05	-0.003134459	0.2993692	0.007704735	0.007187111	0.00584051	-0.01524266	0.001864537	0.0002968361	-0.004012706	0.04775603	0.1226221	-0.2263362	-0.001961061	-0.00168967	-0.001562614	-0.0001443425	-0.00172631	5.068493E-05	0.08490766	0.2013336	0.01920044	0.005205081	0.0006675026	-0.01067609	0.001864537	0.0002968361	-0.004012706
395	0.1459732	-0.07656777	-0.01127076	-0.1135178	-0.08077222	-0.111675	-0.009015203	-0.5820625	-0.1563325	0.1313558	0.03439325	-0.1985927	-0.0004206152	-0.005607632	-0.0001049675	-0.0002700698	-0.0015111	-0.0002556332	0.01708157	0.2998067	-0.02363324	0.01044434	0.004489757	-0.01926649	0.00221271	-0.0001150611	-0.004015487	0.04424202	0.1088515	-0.2367115	-0.002349297	-0.004709898	-0.003765776	-0.0002700698	-0.0015111	-0.0002556332	0.09764154	0.198878	-0.01168108	0.007087282	-0.0001132711	-0.01572745	0.00221271	-0.0001150611	-0.004015487
398	0.14578	-0.08008748	-0.01207924	-0.112551	-0.08520073	-0.1136339	-0.008252986	-0.5842153	-0.1571391	0.1385261	0.03396749	-0.214587	0.001477107	-0.004312163	-0.004077303	0.0002718782	-0.000809458	-0.001184809	0.0259793	0.2363864	-0.05697107	0.01005769	-0.01248776	-0.02278433	0.001562869	-0.004330674	-0.003891074	0.0402561	0.09178019	-0.2470609	-0.002758455	-0.00780025	-0.00541168	0.0002718782	-0.000809458	-0.001184809	0.09949575	0.1980892	-0.02241027	0.005779014	-0.0002821702	-0.01447789	0.001562869	-0.004330674	-0.003891074
401	0.1457975	-0.0822069	-0.01207995	-0.1131233	-0.08541083	-0.1132412	-0.007819936	-0.5851105	-0.1584558	0.1449977	0.02377653	-0.2305529	0.002725728	-0.005781863	-0.007049462	0.0005160638	-0.0009745185	-0.001631646	0.03029373	0.2362434	-0.06980729	0.008621873	-0.009401565	-0.0202973	0.0008131985	-0.002476458	-0.002296549	0.03671552	0.07234961	-0.2582406	-0.002953985	-0.01070783	-0.006853681	0.0005160638	-0.0009745185	-0.001631646	0.1123433	0.1853662	-0.06421864	0.007546143	-0.00339237	-0.0213105	0.0008131985	-0.002476458	-0.002296549
405	0.1459767	-0.0848226	-0.01225877	-0.1109311	-0.09555435	-0.1144769	-0.005893447	-0.5908587	-0.1597912	0.1484365	-0.003271341	-0.2421298	0.002904	-0.01109837	-0.008181319	0.0004316159	-0.002060015	-0.001506699	0.04385148	0.2217825	-0.1159365	0.009855842	-0.0106664	-0.02675528	0.0009183911	-0.002173553	-0.003336907	0.02963212	0.0533101	-0.2717354	-0.003986339	-0.01279075	-0.008513973	0.0004316159	-0.002060015	-0.001506699	0.1211452	0.1800008	-0.1009321	0.00786008	-0.00388562	-0.02516125	0.0009183911	-0.002173553	-0.003336907
408	0.1477771	-0.07543397	-0.01170874	-0.109724	-0.1068981	-0.1153522	-0.002327062	-0.5868647	-0.1646605	0.1411102	-0.05714369	-0.2422671	0.0003464124	-0.02179186	-0.006170321	-0.0003156849	-0.004218385	-0.0006272747	0.06512557	0.1963627	-0.1646084	0.0127104	-0.01435475	-0.03223442	0.001402434	-0.00255225	-0.003872466	0.06788711	0.08255157	-0.3030826	0.006573994	-0.002282696	-0.01422227	-0.0003156849	-0.004218385	-0.0006272747	0.1181576	0.1795387	-0.1436465	0.005148171	-0.003029759	-0.02954952	0.001402434	-0.00255225	-0.003872466
411	0.1458662	-0.07741129	-0.01335716	-0.1761984	0.01759762	-0.1183131	-0.006670497	-0.582285	-0.1683254	0.1424271	-0.08983678	-0.248987	0.0005890393	-0.02451717	-0.006307698	-0.000176107	-0.003845115	-0.0005048002	0.0753506	0.1501133	-0.2141385	0.01208906	-0.02232841	-0.03655835	0.0008964892	-0.003907603	-0.003985332	0.09458964	-0.08432227	-0.2963127	0.01160613	-0.04343048	-0.008974228	-0.000176107	-0.003845115	-0.0005048002	0.1579201	0.1273919	-0.2387443	0.01380175	-0.01530902	-0.04593659	0.0008964892	-0.003907603	-0.003985332
415	0.1230181	-0.05955875	-0.0233624	-0.1921508	0.03373086	-0.1309071	-0.02807631	-0.5639212	-0.1793206	0.1221782	-0.128949	-0.2118731	-0.004620426	-0.02816594	0.004547703	-0.001434447	-0.003796029	0.00233525	0.09580828	0.08314443	-0.2531903	0.01418122	-0.03348853	-0.03718171	0.001195406	-0.005720735	-0.003144837	0.04407474	-0.1682146	-0.2711064	-0.003924129	-0.05354594	-0.0004290892	-0.001434447	-0.003796029	0.00233525	0.1292266	0.05805662	-0.24374	0.003177929	-0.02881557	-0.03570137	0.001195406	-0.005720735	-0.003144837
418	0.1653097	-0.1205004	-0.0413084	-0.1032578	-0.03142136	-0.1230047	0.01669532	-0.6410772	-0.2017462	0.1070385	-0.1435174	-0.1766679	-0.007250247	-0.02476654	0.01221206	-0.00173329	-0.001997173	0.003667526	0.09896898	0.02477765	-0.2978144	0.01142609	-0.03970809	-0.0390423	0.0002077724	-0.005845441	-0.002823777	0.0181938	-0.1434228	-0.2879792	-0.009413334	-0.03396152	-0.004540037	-0.00173329	-0.001997173	0.003667526	0.1202159	-0.04815942	-0.2873638	0.0001307859	-0.04816569	-0.03768198	0.0002077724	-0.005845441	-0.002823777
421	0.1512529	-0.115052	-0.03675556	-0.07311086	-0.05803061	-0.1005511	-0.001713283	-0.596738	-0.1905859	0.08761872	-0.1586668	-0.1586032	-0.01029264	-0.02236226	0.01367523	-0.002060566	-0.0008968092	0.003116437	0.1012193	-0.0918524	-0.2482831	0.009132148	-0.05893858	-0.01689892	-0.0004176557	-0.009191703	0.003418013	-0.09091064	-0.1370995	-0.2287769	-0.03433611	-0.02389031	0.01139555	-0.002060566	-0.0008968092	0.003116437	0.1387857	-0.001825809	-0.23681	0.004740546	-0.02454087	-0.01562303	-0.0004176557	-0.009191703	0.003418013
425	0.1599286	-0.113466	-0.03519034	-0.09656703	-0.05311739	-0.1128323	-0.001883961	-0.5952017	-0.1879051	0.0737538	-0.1940612	-0.1559958	-0.01118571	-0.02562029	0.01090826	-0.001768692	-0.001487114	0.001645585	0.08059947	-0.1356694	-0.1742902	0.001694151	-0.05515819	0.005824052	-0.002172741	-0.00594868	0.008244253	-0.06669043	-0.1575044	-0.200736	-0.01969703	-0.02301896	0.01555688	-0.001768692	-0.001487114	0.001645585	0.03466912	-0.1532558	-0.2183545	-0.02247375	-0.05626314	-0.007103398	-0.002172741	-0.00594868	0.008244253
428	0.1621543	-0.1122457	-0.03247857	-0.108809	-0.05495363	-0.1172915	0.0006980225	-0.596517	-0.1865695	0.06595264	-0.2054683	-0.148212	-0.01033957	-0.022067	0.01012717	-0.001114985	-0.0002270133	0.001038916	0.06929187	-0.2331215	-0.1977416	-0.001556286	-0.06573166	-0.001494823	-0.002442165	-0.007104876	0.004353471	-0.06580384	-0.1998648	-0.1883914	-0.01455112	-0.02785431	0.01475381	-0.001114985	-0.0002270133	0.001038916	0.02047572	-0.2143647	-0.2292283	-0.02040366	-0.05747459	-0.008045997	-0.002442165	-0.007104876	0.004353471
432	0.1590018	-0.1124588	-0.02781844	-0.115618	-0.05775118	-0.115819	-0.00184378	-0.5972298	-0.1817968	0.04881295	-0.2366043	-0.1161826	-0.0120396	-0.02433424	0.01560272	-0.001261246	-0.0007370713	0.002148076	0.0607918	-0.2204191	-0.1543655	-0.003292234	-0.04612314	0.009722905	-0.00226561	-0.000426528	0.006069535	-0.07494955	-0.239586	-0.1709578	-0.01319977	-0.03082103	0.01542377	-0.001261246	-0.0007370713	0.002148076	-0.004973382	-0.2392355	-0.1871822	-0.02166502	-0.04932364	0.004477019	-0.00226561	-0.000426528	0.006069535
435	0.1639204	-0.1120974	-0.02143979	-0.120814	-0.06001937	-0.1109867	-0.005344175	-0.598872	-0.1767638	0.03884319	-0.2620384	-0.09867883	-0.01152214	-0.02460922	0.01607798	-0.0008165692	-0.0006215486	0.001729871	0.04082198	-0.2777448	-0.1350472	-0.007461631	-0.04892379	0.01212176	-0.002741557	-0.001020057	0.005151866	-0.07832807	-0.2518183	-0.1476052	-0.01074446	-0.02617386	0.01740598	-0.0008165692	-0.0006215486	0.001729871	-0.03193599	-0.2672546	-0.1589843	-0.02298942	-0.04399751	0.01040724	-0.002741557	-0.001020057	0.005151866
438	0.1659667	-0.1126198	-0.01565909	-0.1239301	-0.06164742	-0.1061091	-0.007526346	-0.6002806	-0.1715548	0.02623605	-0.267393	-0.06176591	-0.01179339	-0.01979556	0.02128671	-0.0006802395	0.0007372536	0.002599587	0.02589744	-0.2742911	-0.1047435	-0.009327359	-0.03582941	0.01666725	-0.0025226	0.002508551	0.005000271	-0.09474394	-0.2667459	-0.1129189	-0.01216231	-0.0233623	0.02172607	-0.0006802395	0.0007372536	0.002599587	-0.04827872	-0.2702121	-0.1344874	-0.02132775	-0.0337375	0.01392965	-0.0025226	0.002508551	0.005000271
441	0.1670689	-0.1122342	-0.009540796	-0.1287605	-0.06244463	-0.1025946	-0.008955061	-0.6007405	-0.1664379	0.01930814	-0.2729988	-0.0382576	-0.01057702	-0.01624812	0.02184211	-0.000206087	0.001439801	0.00208854	0.01137426	-0.2485218	-0.06657982	-0.01062631	-0.02042975	0.02204135	-0.002216688	0.00573133	0.005093729	-0.1061677	-0.2776588	-0.08977294	-0.01197768	-0.02024996	0.02208103	-0.000206087	0.001439801	0.00208854	-0.0505991	-0.2877313	-0.1052921	-0.0165759	-0.02968295	0.01774607	-0.002216688	0.00573133	0.005093729
445	0.1665269	-0.1117619	-0.00341773	-0.1329388	-0.06296825	-0.09809828	-0.01005577	-0.5996045	-0.1618211	0.01219071	-0.2654662	-0.01189351	-0.009712124	-0.01030293	0.02297261	6.165897E-05	0.00256615	0.001849029	0.008223526	-0.2266622	-0.04895782	-0.008757418	-0.00985739	0.02093652	-0.001195293	0.006941587	0.003544087	-0.1142889	-0.2792301	-0.06536818	-0.01101355	-0.01558027	0.02266196	6.165897E-05	0.00256615	0.001849029	-0.0600746	-0.2917271	-0.08470011	-0.0148008	-0.02326115	0.01845754	-0.001195293	0.006941587	0.003544087
448	0.1663867	-0.1113082	0.001268148	-0.1373368	-0.06296647	-0.09538817	-0.01127377	-0.5973994	-0.1607983	0.006468304	-0.2523064	0.008326054	-0.008714695	-0.004437249	0.02228435	0.0002956017	0.003391032	0.001214706	0.01403753	-0.2261295	-0.02531147	-0.005114561	-0.007259871	0.02161397	1.424464E-05	0.00585557	0.00282743	-0.1212845	-0.2818296	-0.04631186	-0.01000907	-0.01233509	0.02176055	0.0002956017	0.003391032	0.001214706	-0.06381842	-0.2923891	-0.07823658	-0.01203656	-0.01761136	0.01545904	1.424464E-05	0.00585557	0.00282743
451	0.1676186	-0.1082666	0.00606513	-0.1400755	-0.06178617	-0.09314418	-0.01119728	-0.5953695	-0.1596196	0.001828805	-0.2498511	0.01479626	-0.007695896	-0.002714128	0.01833081	0.000476401	0.002974054	-7.735391E-05	0.01612982	-0.2260644	-0.02434421	-0.003312849	-0.005428623	0.0164523	0.0004611115	0.004849489	0.0008301535	-0.124457	-0.2840285	-0.03444982	-0.008299917	-0.009801032	0.01928592	0.000476401	0.002974054	-7.735391E-05	-0.07070923	-0.2920069	-0.07226968	-0.01075012	-0.01311297	0.01308601	0.0004611115	0.004849489	0.0008301535
455	0.1669489	-0.1077179	0.00886631	-0.1419993	-0.06152868	-0.0913291	-0.01224267	-0.5933378	-0.1602724	-0.0002683997	-0.2447272	0.02065754	-0.006296223	-0.0007546027	0.01521343	0.0007072189	0.002720422	-0.0008373611	0.01717559	-0.2260001	-0.02479315	-0.002223194	-0.004055404	0.01222699	0.0006182474	0.003980421	-0.0004337124	-0.1267794	-0.2836159	-0.02635884	-0.00680555	-0.007247628	0.01648718	0.0007072189	0.002720422	-0.0008373611	-0.07336405	-0.2920708	-0.06851697	-0.008726295	-0.009850703	0.01075268	0.0006182474	0.003980421	-0.0004337124
458	0.1667082	-0.107439	0.01011562	-0.1431296	-0.06160104	-0.0906837	-0.01268599	-0.5929751	-0.1599426	-0.001711257	-0.2425511	0.0224421	-0.005082882	-2.194045E-05	0.01185621	0.0008337495	0.002223482	-0.001467325	0.01755261	-0.2259828	-0.02499866	-0.001573142	-0.003037221	0.009118862	0.0006261986	0.003239862	-0.001102316	-0.1277049	-0.2832739	-0.02174306	-0.005335541	-0.005350233	0.01351933	0.0008337495	0.002223482	-0.001467325	-0.07466829	-0.2916079	-0.06916714	-0.006870781	-0.007272305	0.007901969	0.0006261986	0.003239862	-0.001102316
461	0.1672652	-0.1072882	0.01155591	-0.1437485	-0.06162888	-0.09016728	-0.01242186	-0.5924757	-0.1600065	-0.002941042	-0.2404882	0.02156734	-0.004119608	0.0004992664	0.008673469	0.0008661306	0.001797913	-0.00189618	0.01777218	-0.2259835	-0.02512646	-0.001124964	-0.002278094	0.006807198	0.0005816934	0.002619678	-0.001404653	-0.1272656	-0.2834953	-0.0214119	-0.003891815	-0.004068025	0.01022229	0.0008661306	0.001797913	-0.00189618	-0.07462013	-0.2915993	-0.06934643	-0.005141046	-0.005452076	0.005881654	0.0005816934	0.002619678	-0.001404653
465	0.1674493	-0.1070634	0.0127914	-0.1442568	-0.06150573	-0.08950973	-0.01240933	-0.5918414	-0.1600237	-0.003360189	-0.2402548	0.02015901	-0.003194493	0.0004327953	0.006153017	0.0008808767	0.001331817	-0.002052248	0.01787489	-0.2259839	-0.02523899	-0.0008180449	-0.001708675	0.005077265	0.0005129999	0.002107113	-0.001485973	-0.1264273	-0.283891	-0.02222967	-0.002709299	-0.00314994	0.007462275	0.0008808767	0.001331817	-0.002052248	-0.07211569	-0.2912213	-0.07447839	-0.003229675	-0.003994553	0.003128251	0.0005129999	0.002107113	-0.001485973
468	0.1675751	-0.1070925	0.01337051	-0.1445876	-0.06155545	-0.08947682	-0.01242001	-0.591794	-0.1599104	-0.003386952	-0.2473614	0.01549482	-0.00240256	-0.001452032	0.003448717	0.0008586406	0.000527656	-0.002215261	0.01501671	-0.224916	-0.04014254	-0.001328078	-0.001014541	8.206256E-05	0.0002572417	0.001753869	-0.00236328	-0.1230443	-0.2828799	-0.02773666	-0.001186207	-0.002109664	0.004219958	0.0008586406	0.000527656	-0.002215261	-0.05891407	-0.2898867	-0.09262133	0.0008781499	-0.002662278	-0.002189547	0.0002572417	0.001753869	-0.00236328
472	0.1679407	-0.1079635	0.01360369	-0.1446466	-0.06172377	-0.08949041	-0.01225612	-0.591931	-0.1598761	-0.0004539937	-0.2669677	0.001245499	-0.001068681	-0.005990597	-0.0009757937	0.0009774503	-0.0007388992	-0.002767573	0.0134334	-0.265258	-0.07785416	-0.001391885	-0.01084639	-0.009366358	0.0001769794	-0.001142561	-0.004134566	-0.1173176	-0.2813511	-0.03940678	0.0005420038	-0.001200063	0.0002474403	0.0009774503	-0.0007388992	-0.002767573	-0.04233667	-0.2818858	-0.1230838	0.00480296	3.519002E-06	-0.009257786	0.0001769794	-0.001142561	-0.004134566
475	0.1681685	-0.1086712	0.0135088	-0.1448241	-0.06225336	-0.08999252	-0.01243146	-0.5928292	-0.1594841	0.002635375	-0.2685269	-0.008705854	-2.916832E-05	-0.00488277	-0.003219684	0.0009929658	-0.0002772176	-0.002636652	0.013262	-0.2217774	-0.08340001	-0.001086766	0.002735358	-0.008411232	0.0002090144	0.002538516	-0.002862143	-0.1096142	-0.2762491	-0.05167413	0.002332362	0.0003754621	-0.002881258	0.0009929658	-0.0002772176	-0.002636652	-0.03075269	-0.2579049	-0.1399875	0.006498216	0.005997868	-0.01116925	0.0002090144	0.002538516	-0.002862143
478	0.1689399	-0.1088692	0.01341152	-0.144342	-0.06252778	-0.09063482	-0.01283689	-0.5929375	-0.1600091	0.00809481	-0.2834642	-0.03241873	0.001342983	-0.007396383	-0.008342981	0.001087762	-0.0008363165	-0.003258314	0.01865826	-0.250302	-0.1196072	0.0005339909	-0.005079626	-0.01536022	0.00056195	-4.985859E-05	-0.003883855	-0.1013532	-0.2676713	-0.06417656	0.003814509	0.002426045	-0.005286551	0.001087762	-0.0008363165	-0.003258314	-0.01828837	-0.2387667	-0.1612121	0.007989741	0.009282967	-0.01368309	0.00056195	-4.985859E-05	-0.003883855
481	0.1694186	-0.1088527	0.01255465	-0.1444641	-0.06275445	-0.09183621	-0.01212654	-0.5927729	-0.1611161	0.009763069	-0.2804749	-0.04182935	0.001424302	-0.004799964	-0.008609891	0.0008361513	2.186734E-05	-0.002510463	0.02862286	-0.2500369	-0.1629169	0.002891643	-0.003743447	-0.02234759	0.001010876	0.0002966509	-0.004659733	-0.09522545	-0.2569689	-0.08088255	0.004392826	0.004495142	-0.008141411	0.0008361513	2.186734E-05	-0.002510463	0.005316824	-0.2473689	-0.1929475	0.0118936	0.004811664	-0.01819617	0.001010876	0.0002966509	-0.004659733
485	0.1697952	-0.10843	0.01142836	-0.1438302	-0.06226999	-0.09315276	-0.01080392	-0.5926638	-0.1627553	0.01206156	-0.272819	-0.05635619	0.001642849	-0.001686016	-0.01008913	0.0006817502	0.0007948875	-0.002252657	0.04352852	-0.239387	-0.1933079	0.005895148	-0.0001451126	-0.02435844	0.001509033	0.001122072	-0.003997511	-0.0905115	-0.2469339	-0.08993721	0.004473108	0.005880101	-0.008369723	0.0006817502	0.0007948875	-0.002252657	0.0183408	-0.1800202	-0.1785774	0.0121762	0.02044592	-0.01005461	0.001509033	0.001122072	-0.003997511
